日期,時段,松山機場,中山國中,南京復興,忠孝復興,大安,科技大樓,六張犁,麟光,辛亥,萬芳醫院,萬芳社區,木柵,動物園,大直,劍南路,西湖,港墘,文德,內湖,大湖公園,葫洲,東湖,南港軟體園區,南港展覽館,小碧潭,新店,新店區公所,七張,大坪林,景美,萬隆,公館,台電大樓,古亭,中正紀念堂,小南門,頂溪,永安市場,景安,南勢角,台大醫院,台北車站,中山,雙連,民權西路,圓山,劍潭,士林,芝山,明德,石牌,唭哩岸,奇岩,北投,新北投,復興崗,忠義,關渡,竹圍,紅樹林,淡水,頂埔,永寧,土城,海山,亞東醫院,府中,BL板橋,新埔,江子翠,龍山寺,西門,善導寺,忠孝新生,忠孝敦化,國父紀念館,市政府,永春,後山埤,昆陽,南港,象山,台北101/世貿,信義安和,大安森林公園,北門,松江南京,台北小巨蛋,南京三民,松山,輔大,新莊,頭前庄,先嗇宮,三重,菜寮,台北橋,大橋頭站,中山國小,行天宮,東門,蘆洲,三民高中,徐匯中學,三和國中,三重國小,迴龍,丹鳳
2019/8/1,0,9,80,96,105,66,59,70,31,29,90,22,46,20,51,45,42,66,37,65,28,60,73,9,260,14,109,121,166,157,158,109,179,91,149,47,19,310,301,247,283,17,195,131,86,83,69,136,138,160,100,183,86,62,114,30,49,23,68,124,134,371,98,63,92,252,185,265,241,264,233,160,355,33,73,76,40,99,146,115,85,54,60,125,94,38,61,92,32,103,96,110,135,55,16,43,114,110,62,113,98,77,131,154,160,166,135,121,122
2019/8/1,1,0,0,0,0,0,0,0,0,0,0,0,0,0,0,0,0,0,0,3,4,3,6,0,11,0,7,5,4,10,7,0,0,0,0,0,0,2,6,13,9,0,0,0,0,0,0,0,0,0,0,0,0,1,6,0,1,1,0,6,9,48,10,2,5,5,4,8,1,0,0,0,0,0,0,0,0,0,1,3,2,1,2,0,0,0,0,0,0,0,0,8,11,6,0,0,0,0,0,0,0,0,1,0,0,0,0,10,9
2019/8/1,5,0,0,0,0,0,0,0,0,0,1,0,0,0,0,0,0,0,0,0,0,0,0,0,0,0,0,0,0,0,0,0,0,1,0,0,0,0,0,0,0,4,0,0,0,0,0,0,5,1,0,1,0,0,1,0,0,0,0,0,0,0,0,0,0,0,0,1,0,0,0,0,0,0,0,0,0,0,0,0,0,0,0,0,0,0,0,0,1,0,0,0,0,1,0,0,1,1,0,1,1,0,0,0,0,0,0,0,0
2019/8/1,6,298,162,554,460,380,126,112,54,32,177,13,61,31,124,161,175,169,63,105,49,64,66,57,364,10,279,111,194,258,167,69,318,187,359,394,160,269,169,253,132,660,3257,309,584,488,574,463,517,300,185,701,80,146,345,118,38,113,155,94,90,295,134,901,107,122,293,175,665,445,161,380,457,415,362,379,279,990,207,201,288,286,170,1170,192,222,243,534,343,303,323,67,111,61,105,107,112,74,218,253,526,318,80,79,81,125,76,82,77
2019/8/1,7,459,926,3582,1735,2049,720,615,125,67,752,44,374,155,728,581,1104,1155,562,288,87,327,411,436,1744,70,563,398,806,1100,662,284,1315,1002,1781,2049,1148,924,563,828,370,2959,7962,1275,2084,2100,1999,1391,2052,1427,1050,2567,241,400,1040,412,167,305,641,446,299,738,935,1524,347,412,1152,577,1988,1233,568,1143,1977,2017,1551,2128,1008,4047,1120,708,1521,1031,829,2769,1196,616,965,3555,1933,1970,1314,460,634,343,630,277,445,197,811,1036,2320,1647,246,305,315,269,186,355,269
2019/8/1,8,791,3002,12296,4187,4768,2253,1561,254,118,815,131,261,666,676,1454,6085,5164,377,419,123,707,342,2093,5073,110,388,608,1371,2684,1129,546,2412,1942,4835,5409,2150,1205,909,1286,599,5716,13044,4507,3970,4468,2885,2620,2164,2368,827,2917,372,1378,1175,262,369,832,1811,458,670,823,922,1320,392,598,1447,985,3556,1947,1592,1692,5861,5004,5357,5798,4141,11521,2196,1181,3056,1817,2979,9032,4069,1001,2171,13307,5643,5619,3503,562,365,418,1510,453,504,332,1552,3037,7537,3469,286,291,312,382,349,248,285
2019/8/1,9,394,1410,4996,3642,2481,1236,899,201,79,498,63,121,651,436,973,3733,2438,202,292,120,412,178,712,3191,125,332,353,800,1732,721,329,1648,994,2979,2177,821,990,740,723,438,3386,7831,2844,2030,1994,1451,1722,1708,1200,719,2153,313,816,669,235,152,404,1046,383,393,826,222,864,215,533,1187,845,1713,1188,1103,1388,3282,2459,3118,3226,2858,6607,1426,864,1152,1165,1845,7619,2009,537,875,4431,2797,2776,2316,430,220,167,362,274,266,290,741,1411,3265,1703,240,216,266,295,247,176,156
2019/8/1,10,333,651,2263,2893,1297,591,414,191,63,387,40,167,950,295,660,796,596,151,291,87,233,159,261,1053,142,362,271,477,751,490,286,1510,610,1596,1946,527,923,614,558,400,2283,7120,2580,1590,1012,1077,1181,1693,1036,542,1609,225,282,601,293,76,133,472,403,327,1162,162,539,231,425,688,862,1540,1082,742,1337,3186,1132,1998,2134,1551,4005,847,516,548,654,739,4300,879,369,698,2043,1148,1316,860,307,224,138,165,198,210,308,498,651,1419,1378,246,223,259,197,259,165,172
2019/8/1,11,385,517,1942,3178,1067,543,408,144,59,399,41,131,878,248,759,421,409,134,289,77,212,157,223,575,182,325,238,574,653,499,318,1342,763,1484,1622,406,1101,673,462,429,1446,7704,2889,1406,929,931,930,1497,961,375,1264,179,190,604,245,79,125,352,290,314,1479,156,411,196,503,617,971,1624,1195,714,1457,3696,1076,1688,2171,1386,3528,739,499,401,729,362,3121,792,248,677,2008,942,1183,805,325,251,134,108,203,230,315,412,703,1428,1610,289,238,278,213,301,155,173
2019/8/1,12,423,613,1933,3573,1268,647,435,166,102,516,50,183,599,382,640,507,494,155,336,88,315,245,216,747,222,361,335,618,762,559,336,1492,808,1713,1681,441,1275,901,736,525,1487,9545,3190,1308,1235,1127,1117,1603,1016,516,1538,243,226,797,269,136,99,447,429,332,1647,204,454,245,570,750,1102,1812,1499,959,1468,4380,1023,1811,2112,1386,3685,897,740,482,867,437,2711,778,417,694,1735,1082,1118,1049,358,356,222,138,254,398,390,480,682,1368,1849,398,423,396,285,412,213,200
2019/8/1,13,397,690,2110,3277,1451,720,447,152,73,483,51,155,621,404,651,529,567,183,340,109,325,282,248,775,204,424,457,640,851,612,421,1526,1029,1909,1972,599,1333,952,805,652,2291,9979,2923,1526,1106,1201,1028,1601,1100,623,1595,241,313,801,309,129,152,519,377,411,1506,260,576,214,612,911,1322,1862,1419,1055,1513,4899,1413,2184,2449,1527,3753,890,748,586,801,454,2828,860,480,791,1881,1085,1100,1017,409,425,218,157,266,403,461,524,765,1332,1703,467,356,415,383,397,227,292
2019/8/1,14,341,501,1754,2938,1111,586,397,195,95,440,46,158,489,350,636,443,496,195,393,90,251,225,170,748,200,407,467,561,760,627,362,1338,887,1512,1661,566,1391,923,736,688,1753,8634,2649,1466,1007,1150,1094,1356,988,537,1436,265,263,645,305,134,115,414,419,355,1677,193,572,266,636,848,1161,1746,1414,934,1652,4614,1140,2119,2225,1412,3222,827,754,549,711,492,2227,714,422,722,1715,978,970,936,297,361,178,165,214,348,406,471,684,1282,1312,334,399,410,366,379,264,230
2019/8/1,15,307,546,1574,2705,1053,555,421,170,97,495,58,140,322,303,488,303,459,190,346,181,437,384,188,816,259,485,461,697,787,678,400,1291,828,1419,1373,443,1584,1101,901,741,1251,9450,2407,1196,957,1234,1087,1254,955,569,1358,301,299,747,285,131,111,447,367,428,1790,273,578,295,797,904,1229,1998,1632,1111,1844,4379,892,1911,1907,1180,3009,936,719,497,716,405,1905,794,402,755,1527,920,995,890,323,436,173,128,261,365,440,467,598,1205,1366,483,363,469,463,447,315,304
2019/8/1,16,313,644,1721,2948,1128,658,505,224,147,636,77,194,240,399,600,342,441,280,537,166,560,433,179,1074,223,513,609,849,854,813,531,1376,964,1761,1642,378,2053,1569,1246,1083,931,10405,2434,1142,993,1552,1436,1479,1257,652,1564,403,402,1061,361,188,92,509,571,514,2184,325,792,374,1007,1108,1514,2561,2183,1472,1962,4830,930,1800,1946,1136,3118,1068,886,630,986,505,1800,818,438,700,1581,1073,1144,1136,409,585,206,178,379,502,567,574,758,1200,1346,774,642,676,753,631,491,442
2019/8/1,17,407,1012,2492,3774,1571,930,860,371,273,1082,167,324,395,704,911,560,683,374,839,280,674,716,262,1752,303,903,1159,1510,1531,1319,934,2236,1610,2614,1878,514,3982,2682,2366,2075,1257,16475,3661,1518,1527,2375,2518,2199,2043,838,2217,616,550,1625,351,251,132,710,737,720,2783,492,1246,610,2117,1853,2741,3954,3778,2641,2747,6292,1577,2246,2887,1574,4378,1681,1403,922,1628,945,2264,1319,604,911,2055,1614,1582,2209,736,1323,381,217,627,921,993,896,1131,1629,2134,1357,1198,1168,1250,1151,818,709
2019/8/1,18,475,1604,3929,5599,2324,1609,1570,564,494,2174,329,520,527,1114,1375,967,1231,654,1515,484,1318,1371,403,3257,501,1319,1745,2267,2624,2240,1342,2906,2273,3858,2627,678,6181,4826,4170,3600,1137,17774,5269,2139,2056,2989,3791,3100,2869,1509,3244,935,843,2354,393,455,229,841,1283,1168,3988,913,1860,1152,3647,3448,4624,6184,7065,4555,3582,8651,1839,3114,4458,2437,6184,2519,2122,1429,2533,1189,2677,1877,720,1250,3187,3012,2365,3634,1226,2015,733,328,950,1624,1566,1248,1700,2400,2901,2330,2230,2394,2029,2211,1471,1592
2019/8/1,19,298,1098,2314,3547,1528,1113,1088,473,446,1683,331,441,388,763,860,697,975,505,1115,423,939,1070,257,2528,475,1286,1435,1816,1941,1633,1250,2190,1817,2662,1795,373,4940,3831,3376,3123,602,10062,3375,1539,1334,2181,3217,2297,2329,1236,2708,908,727,2120,367,412,181,847,1136,1324,3714,863,1662,847,3158,2782,3637,4686,5364,3373,2647,5890,918,1995,2619,1471,3936,1682,1699,1133,1690,740,1682,1312,521,754,1889,1668,1471,2416,1169,1660,499,250,711,1103,1279,941,1361,1501,1827,2124,1721,1725,1721,1547,1405,1313
2019/8/1,20,174,643,1190,1688,836,616,661,346,268,1021,221,320,267,474,495,333,574,327,699,253,639,622,145,1696,201,906,1213,1244,1264,1215,802,1258,1146,1567,778,267,3135,2377,2202,2001,311,7143,1821,930,822,1466,2077,1469,1369,814,1687,616,550,1346,251,311,147,598,803,982,2442,677,1102,576,1852,1853,2178,2938,3183,2248,1900,4271,538,1087,1376,713,2165,1093,1150,794,1188,478,999,841,369,514,927,640,918,1685,619,910,339,164,383,737,772,634,867,823,1057,1166,1087,1185,1039,1040,808,869
2019/8/1,21,176,711,1155,1276,842,632,655,365,292,972,205,296,245,496,385,403,519,383,624,301,624,640,112,1885,223,936,1102,1256,1282,1237,821,1197,1022,1544,813,315,3185,2361,2255,2037,283,6676,1300,722,871,1544,1921,1263,1421,767,1567,565,486,1212,207,258,157,623,711,914,1953,616,943,562,2040,1822,2123,2837,3213,2072,1756,3952,554,1004,976,599,1824,1162,1317,919,1007,451,769,690,375,490,920,602,966,1341,659,724,252,172,402,689,697,585,1008,907,925,1173,997,1016,972,1126,796,706
2019/8/1,22,89,566,839,826,622,532,554,321,246,804,186,289,254,395,327,331,522,335,580,225,524,606,87,1567,240,893,1046,1100,1153,1009,707,1125,779,1202,547,216,2855,2244,2174,2055,224,4576,1000,689,655,1148,1467,1047,1187,682,1471,496,423,1114,209,266,129,590,577,861,1750,621,973,616,1851,1553,1919,2463,2994,1965,1994,3040,402,648,747,486,1514,1059,1039,750,739,439,638,688,249,422,713,421,817,1171,644,787,255,147,321,673,732,539,869,754,772,1164,1170,1212,1146,987,778,886
2019/8/1,23,33,177,291,315,220,142,179,110,92,231,72,77,74,200,111,124,150,127,178,100,167,220,33,587,87,288,445,485,443,422,304,322,285,452,212,75,957,717,771,770,94,1266,374,203,251,313,428,388,357,248,478,164,178,522,95,96,51,239,300,401,941,326,449,203,786,597,690,722,975,690,567,1117,122,244,270,151,446,362,375,294,235,177,320,302,84,138,266,171,326,282,293,329,97,53,152,250,274,207,360,288,250,507,423,389,433,484,378,335
2019/8/2,0,11,127,141,190,124,90,107,50,56,187,32,53,56,68,75,91,120,94,102,64,104,89,13,432,19,175,188,215,248,222,190,237,212,240,91,31,507,465,380,414,29,465,194,143,135,176,226,187,264,149,317,128,87,211,32,63,32,121,160,220,509,208,121,121,373,321,448,396,495,346,243,574,69,116,202,97,189,188,210,117,90,106,211,174,74,45,148,70,141,161,149,211,84,33,89,157,172,97,172,165,154,232,255,222,263,203,178,207
2019/8/2,1,0,0,0,0,0,0,0,0,0,0,0,0,0,0,0,0,0,0,6,0,10,4,0,16,0,5,12,14,8,5,1,0,0,0,0,0,0,13,13,20,0,0,0,0,0,0,0,0,0,0,0,1,6,16,0,4,2,8,10,11,77,11,6,6,18,8,12,0,0,0,0,0,0,0,0,0,0,0,1,1,5,3,4,0,0,0,0,0,0,0,6,13,4,0,0,0,0,0,0,0,0,0,0,0,0,0,10,12
2019/8/2,5,0,0,0,0,0,0,0,0,0,0,0,0,0,0,0,0,0,0,0,0,0,0,0,0,0,0,0,0,0,1,0,1,0,0,1,0,1,0,0,0,0,0,0,0,0,0,0,4,1,0,1,1,0,0,0,0,0,0,0,0,0,0,0,0,0,0,0,0,0,0,1,2,0,0,0,0,1,0,0,0,0,0,0,0,0,0,0,0,0,0,0,0,0,0,0,0,0,0,0,0,0,0,0,0,0,0,0,1
2019/8/2,6,275,163,576,454,397,125,117,50,23,165,10,61,37,126,170,189,171,74,92,48,72,66,60,357,16,184,136,184,295,164,91,366,180,364,356,158,286,171,226,123,654,3201,312,603,459,578,414,496,241,163,689,75,82,356,133,36,84,169,96,86,280,126,678,103,139,276,186,648,422,166,366,436,331,365,418,280,1056,198,152,277,268,192,976,206,209,244,484,325,319,323,54,105,75,94,101,111,61,201,225,471,321,76,67,98,130,78,88,64
2019/8/2,7,479,869,3514,1730,2050,698,606,103,84,744,45,293,153,707,568,1082,1124,564,308,81,273,393,412,1627,74,409,379,786,1136,656,266,1282,993,1731,2081,1078,919,567,852,314,2891,8279,1298,1965,1954,1900,1343,1895,1358,1066,2552,241,354,1115,401,170,272,626,518,284,673,856,1245,320,404,1152,546,1882,1250,538,1124,1998,1775,1525,2121,1129,4090,1118,722,1567,966,786,2900,1202,662,982,3494,1935,1925,1338,342,631,327,632,276,636,202,784,956,2259,1693,233,291,321,251,203,349,277
2019/8/2,8,836,2978,11907,4137,4754,2161,1488,226,101,796,133,237,383,594,1535,6014,5087,358,423,145,630,490,2043,4954,110,396,653,1270,2664,1071,506,2296,1941,4735,5399,2057,1183,874,1315,537,5770,13350,4392,4060,4388,2918,2579,2134,2247,862,2895,359,1330,1098,246,370,758,1627,460,700,755,914,1125,345,601,1345,998,3348,1878,1598,1630,5618,5043,5079,5590,4017,11614,2208,1283,2990,1793,2951,8258,4017,1012,2199,13113,5501,5521,3293,451,389,426,1531,511,594,389,1576,2956,7264,3377,281,281,311,369,332,263,321
2019/8/2,9,481,1445,4837,3450,2541,1236,886,212,80,497,53,145,836,416,1059,3545,2546,198,285,166,403,210,711,3136,106,377,337,717,1636,651,364,1887,924,3038,2324,782,970,739,724,439,3480,8645,2855,1965,2034,1299,1522,1826,1155,693,2020,335,790,730,243,141,366,1160,401,421,881,258,607,204,454,1110,911,1717,1155,1020,1351,3228,2344,3014,3310,2882,6614,1430,881,923,1140,1747,8441,1936,590,977,4276,2761,2805,2255,283,230,173,397,277,262,311,745,1362,3175,1687,229,180,267,247,237,185,179
2019/8/2,10,356,630,2078,3364,1197,637,437,178,58,417,33,130,1036,295,715,798,591,163,325,92,238,150,253,1023,179,383,300,471,745,466,242,1444,648,1593,1660,434,982,616,558,408,2321,7736,2628,1637,1042,1141,1115,1843,979,607,1606,192,285,652,345,93,177,458,360,306,1265,157,423,215,386,700,876,1622,1057,700,1373,3334,1174,1984,2071,1645,4295,856,558,453,689,783,4878,901,381,765,2107,1231,1380,825,242,196,154,151,263,251,307,535,731,1487,1530,214,221,253,225,249,157,163
2019/8/2,11,325,525,2042,3400,1119,492,441,122,60,348,41,136,829,317,748,408,421,142,306,81,209,212,186,738,193,343,251,552,673,558,273,1462,724,1403,1596,365,1062,652,557,425,1533,8635,3019,1493,917,931,944,1622,915,428,1249,184,239,649,270,115,149,381,328,392,1420,181,380,150,428,631,997,1736,1262,730,1358,3960,1074,1768,2249,1475,4034,741,548,366,744,410,3696,869,449,705,2075,989,1056,778,202,263,147,128,255,302,294,506,712,1399,1627,274,242,331,250,264,158,155
2019/8/2,12,471,608,1925,3717,1214,675,416,211,102,424,41,172,659,350,712,459,421,142,358,87,263,254,196,732,241,401,373,643,759,610,370,1614,904,1804,1670,414,1336,930,721,611,1613,11127,3289,1355,1096,1195,1023,1650,1113,461,1377,257,266,903,327,154,103,376,420,329,1814,209,453,204,542,717,1319,2063,1425,938,1525,4722,1177,2102,2274,1588,3972,883,737,449,931,473,3292,861,460,727,1813,1134,1132,996,266,347,200,133,264,359,430,535,788,1311,1972,550,364,372,350,422,258,210
2019/8/2,13,443,698,2011,3587,1370,731,401,201,75,513,62,164,725,357,695,485,561,173,370,109,364,294,223,823,221,416,429,670,874,701,364,1730,987,2058,1838,564,1332,972,867,655,2220,10945,3072,1470,1293,1294,1012,1649,1059,571,1479,276,281,768,418,133,150,524,364,435,1522,211,543,250,656,839,1487,2399,1390,1024,1567,5438,1465,2405,2587,1574,4164,864,818,583,985,522,3482,915,532,832,2026,1302,1203,1014,339,415,206,173,254,375,501,511,799,1381,1813,463,433,461,344,450,276,269
2019/8/2,14,426,582,1817,3174,1162,628,379,194,88,541,62,153,499,354,647,408,475,160,399,125,302,277,204,714,185,439,431,695,789,562,397,1336,858,1583,1621,513,1384,1015,842,650,1794,10051,2850,1519,980,1242,1112,1548,1058,525,1399,248,237,697,353,144,105,440,367,444,1825,202,552,279,630,926,1193,2087,1411,1005,1633,4978,1123,2343,2389,1440,3812,878,779,464,940,567,2686,782,461,686,1737,1084,1173,957,290,409,178,163,235,338,425,475,771,1267,1456,381,353,427,378,371,234,210
2019/8/2,15,471,641,1606,3051,1019,615,441,192,124,513,85,182,403,352,583,363,417,218,374,155,360,334,180,798,258,466,501,698,808,691,421,1429,842,1427,1461,390,1646,1156,1025,844,1238,10629,2649,1266,940,1267,1194,1511,943,544,1365,267,281,847,332,131,99,379,409,397,1934,275,670,285,806,937,1335,2192,1553,1215,1692,4819,820,1992,2068,1223,3343,956,784,493,867,448,2264,848,407,702,1538,861,902,938,320,455,191,143,259,399,457,517,698,1201,1418,513,436,563,451,463,314,342
2019/8/2,16,494,709,1819,3197,1184,739,537,233,150,602,87,191,290,386,629,395,497,295,558,218,448,402,174,1160,224,551,644,888,910,822,565,1486,1076,1743,1667,394,2000,1432,1256,1109,1025,12973,2759,1324,1109,1701,1512,1652,1223,660,1600,411,382,1080,390,197,87,526,601,529,2440,383,803,432,1137,1104,1685,2933,2278,1625,1984,5406,961,1958,2155,1273,3707,1191,951,659,1208,552,1898,837,460,820,1648,1014,1032,1238,375,523,268,160,362,539,578,587,800,1247,1581,822,627,687,661,618,492,446
2019/8/2,17,526,1085,2845,4370,1679,1093,909,378,265,995,145,274,326,636,1150,613,687,379,921,313,712,688,272,1760,375,864,1049,1509,1595,1433,973,2552,1589,2584,1998,527,3989,2764,2271,1962,1226,20427,4251,1594,1529,2475,2776,2273,2111,786,2221,579,532,1573,327,269,151,697,687,792,2941,508,1291,608,2112,1674,2908,4648,3868,2536,2648,7435,1509,2399,3130,1834,5129,1639,1377,945,2168,972,2618,1401,648,1005,2213,1635,1620,2385,636,1312,396,238,609,912,1033,874,1256,1789,2274,1412,1157,1218,1180,1201,865,679
2019/8/2,18,594,1689,4529,6928,2565,1667,1584,548,437,1926,307,460,492,1063,1804,1009,1172,623,1439,499,1153,1352,465,2843,493,1327,1725,2150,2660,2368,1242,3029,2280,3942,2738,684,5987,4530,3848,3337,1214,24080,6472,2362,2112,2974,3881,3085,2942,1312,3327,874,911,2361,431,440,183,841,1113,1055,3983,837,1967,1093,3392,3191,4986,7080,6641,4272,3747,10562,2071,3463,4873,2859,8172,2493,2161,1293,3251,1202,3293,2152,791,1412,3558,3131,2515,3749,1287,2056,750,307,924,1532,1565,1217,1848,2611,3084,2154,2075,2299,1850,2007,1408,1543
2019/8/2,19,343,1116,2590,4659,1601,1127,1167,469,398,1551,311,406,365,693,1063,690,923,545,1019,384,888,1120,271,2199,380,1221,1442,1676,1872,1735,1128,2475,1908,2546,1838,442,4600,3536,3174,2894,697,14245,4276,1759,1498,2241,3789,2565,2384,1095,2585,798,747,1922,401,368,202,822,1078,1239,3742,842,1638,822,2562,2263,3281,4459,4034,2704,2520,7242,963,2384,3549,2065,5824,1681,1636,1044,2248,819,2085,1603,536,961,2212,1849,1546,2560,1069,1660,513,287,653,994,1271,881,1492,1698,2097,1963,1631,1667,1648,1503,1295,1148
2019/8/2,20,190,630,1214,2238,906,603,674,364,246,901,217,292,218,434,529,377,531,351,624,297,603,669,122,1585,206,859,1091,1275,1303,1337,836,1490,1197,1613,890,274,3089,2277,2156,1980,392,9878,2297,1067,905,1566,2616,1594,1387,787,1672,584,617,1423,269,314,174,619,851,897,2565,638,1461,702,2224,2181,2915,4006,4092,2636,2025,5484,550,1346,1805,879,2968,1093,1140,815,1436,508,1215,905,378,560,986,646,864,1723,629,906,356,153,448,706,811,609,992,970,1186,1091,1116,1193,1064,963,881,788
2019/8/2,21,189,705,1152,1533,865,630,709,331,274,905,224,302,284,527,524,389,574,387,688,271,667,682,120,1886,209,1062,1135,1296,1302,1252,960,1286,1122,1662,888,268,3311,2454,2442,2163,358,8340,1511,847,1013,1638,2122,1440,1468,842,1818,643,549,1351,273,310,156,647,740,1035,2097,704,1148,650,2106,1850,2337,3184,3426,2297,1791,4864,553,1195,1410,742,2591,1248,1307,930,1193,578,952,880,439,526,1005,627,955,1564,696,838,276,184,467,755,730,707,1016,1001,1076,1328,1022,1134,1181,1196,834,719
2019/8/2,22,147,713,1039,1274,776,550,686,369,308,960,198,286,289,460,417,391,632,395,690,290,627,716,139,1887,277,932,1134,1379,1403,1205,843,1283,867,1460,693,221,3275,2574,2331,2265,305,6295,1146,771,868,1445,1838,1244,1401,828,1678,581,513,1333,223,283,158,681,761,1016,1965,749,1265,665,2316,1887,2286,2987,3447,2367,1610,3830,490,958,1025,617,1921,1154,1251,988,969,497,764,857,358,491,879,528,999,1386,659,914,338,197,431,782,817,643,998,922,870,1321,1350,1381,1216,1190,826,945
2019/8/2,23,45,255,507,507,302,238,301,135,112,344,87,126,115,208,163,160,245,161,311,116,249,315,49,938,119,415,588,756,627,534,404,483,374,649,281,97,1475,1084,1122,1116,123,2004,480,282,361,495,656,553,598,314,727,270,295,640,145,158,67,393,391,582,1196,423,599,309,1153,825,975,1061,1383,1006,754,1579,185,381,519,267,727,489,493,399,371,232,497,449,111,214,383,273,473,401,406,433,139,98,226,458,367,294,492,467,403,743,567,595,565,644,622,478
2019/8/3,0,19,102,178,186,167,84,132,59,37,152,47,53,48,70,58,71,96,83,104,49,93,100,21,408,20,162,181,219,247,225,179,202,117,209,102,31,509,382,348,381,47,401,219,129,128,215,205,165,249,139,283,102,102,192,44,49,31,117,199,171,477,183,126,109,356,305,370,355,488,334,256,671,51,113,182,75,204,223,195,142,111,103,239,157,54,63,109,97,140,171,140,221,66,32,69,167,157,92,186,142,164,205,220,244,202,218,207,203
2019/8/3,1,0,0,0,0,0,0,0,0,0,0,0,0,0,0,0,0,0,2,5,1,1,8,1,7,0,4,6,8,14,11,0,0,0,0,0,0,2,11,9,16,0,0,0,0,0,0,0,0,0,0,0,0,1,11,0,7,0,3,9,8,64,7,6,5,12,10,12,0,0,0,0,0,0,0,0,0,0,0,0,0,4,5,0,0,0,0,0,0,0,0,7,8,1,0,0,0,0,0,0,0,0,0,0,0,0,0,22,11
2019/8/3,5,0,0,0,0,0,1,0,1,0,0,0,0,0,0,0,0,0,0,0,0,0,0,0,0,0,0,0,0,0,0,0,0,1,0,0,0,0,0,1,0,0,0,0,0,0,0,0,2,2,0,0,0,0,0,0,0,0,0,0,0,0,0,0,0,0,0,0,1,0,0,1,1,0,0,0,0,0,0,0,0,0,0,0,1,0,0,0,0,0,0,0,0,0,0,0,0,0,0,1,0,0,0,0,1,0,0,0,0
2019/8/3,6,215,93,247,365,177,120,67,40,24,105,13,57,39,56,110,80,108,32,64,56,42,53,30,231,6,222,55,100,189,193,48,255,172,228,235,48,216,76,217,132,278,3515,231,383,324,493,511,289,148,115,430,64,70,242,52,32,42,109,83,87,230,69,695,159,121,209,161,565,369,150,295,373,264,216,196,214,644,107,149,109,243,132,874,101,116,196,233,215,171,185,36,83,53,40,113,99,60,233,147,285,166,82,63,62,87,73,68,45
2019/8/3,7,259,200,552,718,361,250,195,90,47,311,18,120,126,175,254,174,213,66,196,102,120,130,73,455,50,411,174,249,544,994,117,640,243,558,498,167,510,250,624,388,700,6111,481,765,523,822,962,761,372,345,994,124,161,467,207,70,102,262,226,336,419,194,778,322,247,606,329,995,607,302,544,1044,542,506,582,437,1115,310,346,298,415,275,2326,290,243,273,480,457,358,464,149,183,88,121,187,254,139,622,312,537,526,154,121,121,162,153,132,147
2019/8/3,8,271,394,1363,1270,953,545,271,284,90,420,42,131,459,325,489,339,424,99,287,234,195,193,106,665,127,541,260,380,681,963,238,1225,780,1658,1349,386,764,559,596,444,1403,10852,1082,1423,883,1372,1337,1502,621,456,1314,153,260,712,254,131,116,377,311,549,843,165,644,322,326,688,713,1581,937,629,953,2216,1191,1115,995,767,2323,603,626,301,633,519,3619,555,435,534,947,694,799,612,205,251,135,119,219,376,221,505,574,976,1379,274,213,239,213,217,185,137
2019/8/3,9,349,505,1641,2628,1210,593,377,399,91,464,36,146,958,337,699,310,398,132,318,180,215,231,139,1072,102,435,340,475,612,608,311,1324,812,1867,1754,368,1011,687,581,414,1371,10535,1875,1684,1101,2396,1390,2240,953,519,1338,194,252,691,285,133,79,398,359,589,1175,200,689,318,389,729,1095,1822,1110,773,1304,3025,1248,1660,1766,1394,3099,801,608,355,775,548,6772,810,633,762,1234,971,1113,714,185,383,139,116,351,324,372,536,646,1269,1673,329,248,280,244,238,220,175
2019/8/3,10,389,499,1541,3796,984,480,388,357,62,454,67,144,1512,309,1172,371,347,143,337,174,188,251,206,1713,147,529,307,445,662,559,355,1318,742,1509,2119,285,1218,733,619,534,1205,10768,3081,1847,1051,2128,1501,2082,1131,518,1249,195,278,817,480,130,99,434,440,580,1810,260,570,331,514,808,1216,2468,1270,807,1549,4329,1063,2315,2184,1756,4518,860,612,361,995,575,6879,783,692,947,1413,952,1044,748,253,262,146,103,478,296,356,586,702,1316,1683,361,259,317,267,365,202,261
2019/8/3,11,362,613,2192,4739,1182,527,522,271,80,429,61,160,1312,333,1476,361,327,183,371,143,235,265,333,2533,265,473,327,610,841,635,365,1847,870,1693,1716,256,1159,932,699,568,1118,11701,4334,1740,1210,1743,1509,2161,1275,465,1224,216,298,837,503,141,82,415,439,584,2503,202,552,305,547,737,1605,2565,1481,1050,1635,5986,1192,2607,3110,2019,5601,780,558,304,1145,553,5355,1058,561,1018,2077,1288,1299,813,310,324,220,93,383,298,472,614,826,1606,2171,397,346,471,285,446,225,229
2019/8/3,12,411,647,2138,4553,1266,652,491,266,101,428,70,165,945,408,952,354,361,195,394,101,252,371,339,3256,245,498,380,625,822,735,410,2206,1019,1904,1970,343,1582,1136,878,665,1043,12997,4454,1386,1379,1652,1510,1979,1236,444,1251,276,321,821,420,139,78,407,366,515,2319,237,514,293,728,699,1765,2660,1720,1190,1911,6358,1236,2895,2959,2009,5519,825,816,413,1126,573,5415,961,653,1052,2109,1612,1083,1117,277,472,210,126,367,354,436,710,960,1596,2181,431,354,502,390,440,227,245
2019/8/3,13,355,724,2279,4670,1416,682,495,255,141,475,60,153,940,421,1018,363,418,180,459,170,321,388,237,2467,312,533,417,817,869,743,457,2450,1222,2377,2566,413,1584,1220,895,792,1391,14113,4493,1436,1521,1924,1335,2230,1231,449,1221,318,337,824,521,179,70,451,473,594,2550,254,685,288,716,772,1722,2843,1786,1202,1928,7473,1272,3517,3249,2404,5796,918,794,462,1133,522,4880,1041,787,1419,2030,2659,1306,1150,293,521,258,132,355,459,528,822,961,1589,2088,530,480,583,519,491,310,318
2019/8/3,14,339,541,1741,4262,1118,636,501,377,122,437,104,183,875,368,1020,337,396,234,452,193,315,337,235,1753,427,649,479,708,782,780,462,1990,1133,1805,2052,312,1763,1155,1002,885,960,13082,4265,1381,1222,1773,1616,1949,1244,484,1327,371,394,799,493,160,87,488,355,656,2727,322,666,339,937,831,1726,2884,1846,1206,2133,7450,1063,3876,2928,2052,5686,956,874,561,1093,612,4787,888,964,1582,1468,1681,1126,1020,374,609,230,122,399,447,650,808,902,1387,1821,488,457,584,498,479,312,298
2019/8/3,15,358,602,1433,3939,1081,566,499,292,140,424,99,170,777,363,900,317,352,240,506,253,373,363,158,1438,327,636,524,708,853,709,575,1958,1094,1556,1743,347,1794,1394,1206,964,789,12750,3957,1196,1203,1899,1656,1777,1084,534,1220,326,418,899,469,189,74,410,440,730,2881,319,801,320,934,865,1607,2941,1990,1337,2250,6999,780,3692,2738,1480,5432,1025,931,549,1224,722,3342,816,1919,1936,1473,1042,1081,1079,353,665,275,142,331,448,660,1037,767,1327,1783,565,551,581,590,602,442,407
2019/8/3,16,339,699,1809,3993,1089,673,558,287,232,528,78,173,611,415,1025,340,426,248,472,367,378,452,196,1576,305,730,630,944,988,931,536,2025,1257,1592,1721,328,2204,1629,1377,1221,708,14430,4046,1678,1169,2094,1918,1920,1328,565,1412,412,373,989,608,194,89,597,572,657,3522,398,941,452,1369,1048,2076,3447,2317,1471,2256,7891,829,3156,2746,1661,5497,1192,1107,680,1301,731,3219,974,1642,3360,1475,1071,1126,1380,416,874,293,125,392,511,840,1241,838,1426,1699,768,758,753,664,727,481,463
2019/8/3,17,320,866,2586,4572,1406,803,729,322,237,736,116,246,616,472,1452,447,510,312,690,400,466,517,249,1841,474,850,863,1267,1345,1211,642,2713,1510,2230,1933,380,2968,2141,1795,1557,947,16988,5296,2519,1471,2226,3078,2366,1891,679,1722,465,505,1287,523,251,141,738,648,782,3767,518,1026,567,1597,1429,2714,4055,3143,2061,2795,8941,1224,2907,3666,2010,6200,1306,1296,727,1628,1028,2893,1534,914,5210,2137,1460,1421,2164,584,1021,329,195,519,712,1392,2140,1193,1894,2164,1021,926,1008,839,886,728,662
2019/8/3,18,182,890,2441,4034,1392,663,764,294,168,696,153,189,448,454,1181,407,594,348,687,315,519,561,307,1996,341,889,864,1158,1419,1347,705,2367,1638,2061,2055,382,3017,2224,1801,1674,706,14885,4821,2838,1552,1942,3728,2091,1789,708,1807,483,460,1268,455,235,111,595,667,720,3276,547,1054,530,1683,1409,2730,3786,3002,1957,2431,8398,1112,2506,3270,2014,5561,1289,1165,797,1504,840,2863,1351,582,8743,2003,1997,1250,1973,694,838,380,206,513,753,1726,2294,1137,1571,2150,1055,1046,1119,987,1166,739,766
2019/8/3,19,185,604,1476,2972,835,521,644,272,182,671,123,189,214,348,702,334,433,307,603,204,431,533,180,1613,297,728,772,1099,1062,1147,632,1596,1306,1474,1429,280,2479,1756,1531,1624,506,10601,3247,2053,1095,1505,3570,1712,1282,626,1556,475,376,1157,386,219,123,568,607,704,2059,469,908,464,1443,1268,2078,3058,2593,1656,2163,6643,562,1546,2234,1286,3933,951,1096,687,1225,525,1729,1153,401,11816,1338,1404,1093,2133,511,683,264,143,464,618,1927,2330,897,1127,1556,951,825,885,845,958,670,675
2019/8/3,20,155,620,1135,1833,773,493,571,266,191,636,143,236,169,347,431,310,438,364,569,191,440,503,81,1394,254,757,770,1153,1047,1178,807,1559,1139,1332,920,252,2661,1853,1602,1681,346,9272,2233,1034,954,1568,3062,1574,1200,663,1475,503,437,1167,286,264,122,542,609,722,1792,582,945,475,1632,1184,1782,2827,2588,1725,1955,5518,521,1134,1590,740,3134,933,1003,712,1064,481,1634,955,360,1216,991,651,1007,1910,548,731,327,156,485,649,914,701,974,978,1116,1011,923,930,940,981,639,667
2019/8/3,21,160,754,1358,1718,967,654,716,390,241,816,187,252,213,485,511,365,590,355,740,250,567,614,154,1878,236,979,1249,1532,1264,1472,1016,1736,1271,1787,970,375,3584,2426,2339,2277,353,9680,1853,954,1143,1776,2716,1548,1496,916,2022,618,576,1441,306,269,183,577,709,874,2156,726,1408,721,2144,1715,2526,3620,3354,2192,1951,5412,632,1243,1477,815,2968,1192,1351,960,1659,735,1246,1098,510,576,1191,703,1236,1984,768,1041,352,236,628,887,907,654,1192,1215,1204,1319,1150,1181,1389,1140,1016,964
2019/8/3,22,149,765,1205,1479,833,565,660,345,252,764,214,277,262,427,393,420,636,389,741,227,576,762,110,1857,224,873,1125,1267,1444,1208,890,1267,927,1356,740,206,3014,2441,2219,2152,279,7950,1441,810,852,1417,1853,1176,1300,702,1634,591,534,1327,329,272,125,673,684,870,1741,787,1330,642,2112,1701,2445,3230,3389,2276,1685,4638,626,965,1420,809,2232,1190,1329,979,1308,607,978,1028,413,509,1024,536,1102,1289,733,926,380,172,486,805,935,579,1124,1054,948,1205,1116,1330,1162,1122,1056,931
2019/8/3,23,45,245,446,572,343,224,272,144,135,313,77,109,130,160,176,171,248,154,278,109,235,257,39,920,119,512,629,744,644,524,439,571,406,631,257,95,1329,1051,1120,1134,108,2215,603,305,380,474,634,504,518,306,788,249,214,605,181,159,84,316,449,555,1175,537,681,367,1208,786,993,1128,1381,938,713,1656,189,363,542,292,759,455,545,419,393,232,497,426,132,180,436,272,476,513,460,522,163,101,236,400,356,290,515,389,357,737,729,603,547,651,605,560
2019/8/4,0,9,77,83,126,101,54,87,60,26,107,26,36,28,57,46,46,66,58,67,20,44,53,5,257,12,120,135,138,170,152,118,175,109,161,77,24,349,274,275,277,36,325,131,97,97,85,131,118,166,79,214,69,46,132,23,43,26,56,85,120,332,118,78,77,258,207,255,252,300,200,199,436,33,86,78,57,117,133,130,83,57,71,150,123,34,33,93,69,116,120,105,127,54,35,74,117,134,72,124,102,109,141,145,158,165,146,136,131
2019/8/4,1,0,0,0,0,0,0,0,0,0,0,0,0,0,0,0,0,0,0,2,2,3,2,0,8,0,3,7,6,14,11,0,1,0,0,0,0,0,7,6,14,0,0,0,0,0,0,0,0,0,0,0,0,1,8,0,3,1,4,5,7,49,6,3,6,9,0,10,2,0,0,0,0,0,0,0,0,0,0,2,5,1,4,0,0,0,0,0,0,0,0,1,10,3,1,0,0,0,0,0,0,0,0,0,0,0,0,3,11
2019/8/4,5,0,0,0,0,0,0,0,0,0,0,0,0,0,0,0,0,1,0,0,0,0,1,0,0,1,0,0,0,1,0,0,0,0,1,1,0,0,0,0,1,0,0,0,0,0,0,0,3,0,0,2,0,6,0,0,0,0,0,0,0,0,0,0,0,0,0,0,0,0,0,0,0,1,0,1,0,2,0,0,0,0,0,0,0,0,0,0,0,0,0,0,0,0,0,0,0,0,1,0,4,0,0,0,0,0,0,2,0
2019/8/4,6,171,63,196,348,147,81,77,36,20,65,17,41,38,48,103,72,79,30,52,38,24,42,25,217,16,214,49,116,93,120,44,254,148,205,169,59,151,67,128,126,198,2451,188,236,258,309,552,220,145,73,286,41,787,234,47,34,27,94,63,74,219,56,646,125,116,128,154,470,267,155,291,258,257,207,169,196,485,112,115,108,186,122,645,103,101,141,187,190,115,163,53,63,47,36,99,55,56,170,153,254,130,71,48,61,65,49,54,45
2019/8/4,7,202,125,418,496,252,229,114,99,64,163,17,141,126,192,171,117,185,71,161,90,77,80,42,374,67,385,131,231,259,306,65,718,382,375,410,134,350,188,241,195,487,4164,383,363,485,618,1058,540,292,199,678,81,1222,462,150,91,68,238,250,297,394,163,621,179,293,299,261,759,527,238,504,657,374,358,394,293,1017,221,262,203,280,218,1737,222,220,255,372,425,308,333,84,128,63,78,167,236,101,484,274,429,417,112,89,73,115,114,122,92
2019/8/4,8,209,222,1044,880,708,574,188,323,67,208,43,115,462,335,326,195,411,132,196,261,117,112,94,531,202,429,210,247,379,429,167,1279,827,1214,1071,307,646,359,335,249,1145,8094,846,754,838,872,1209,1065,535,306,927,116,632,669,281,85,56,314,199,434,762,154,652,243,342,403,656,1031,753,404,812,1860,1233,855,815,537,1417,356,462,285,358,485,2754,355,381,439,633,610,504,474,162,178,91,114,223,357,195,291,467,733,1008,195,136,183,167,124,161,114
2019/8/4,9,281,352,1342,1969,937,508,262,340,160,297,33,132,1011,302,720,250,469,139,278,170,135,145,131,802,162,441,268,370,390,572,317,1314,828,1334,1597,288,861,543,473,349,1020,8270,1567,941,1115,1090,1450,1534,982,291,938,166,391,672,248,89,69,296,252,589,1093,158,543,250,321,496,963,1464,941,564,1189,2418,1281,1526,1353,1011,2331,610,438,318,571,516,5067,525,581,565,1016,836,734,525,214,270,118,117,286,232,235,441,515,912,1391,312,166,186,198,211,176,157
2019/8/4,10,318,394,1186,3141,665,474,314,255,89,270,45,115,1520,223,999,243,359,113,288,197,170,193,201,1510,261,491,238,444,462,652,284,1326,752,1185,1682,216,969,585,462,441,863,9088,2617,963,1056,1375,1353,1743,1154,290,935,188,250,685,360,97,88,343,301,529,1983,183,480,271,431,487,978,2146,1029,722,1434,3577,1126,2048,1708,1405,4012,656,464,284,768,540,6129,570,551,713,1261,961,878,521,216,255,130,98,336,209,303,527,610,1042,1506,306,185,258,232,259,194,174
2019/8/4,11,333,536,1831,4125,956,487,384,212,60,284,46,134,1305,292,1201,340,352,158,334,137,176,223,306,2415,357,470,293,568,657,514,313,1854,707,1403,1644,261,1007,789,498,433,889,10590,4003,1277,1186,1330,1325,1737,1346,298,1034,217,225,653,473,114,85,293,351,593,2592,215,483,224,423,564,1361,2569,1229,834,1513,5452,1225,2367,2955,1875,5127,608,500,315,1012,509,4909,786,554,812,1714,1535,993,739,294,302,191,145,304,242,390,524,768,1471,1861,346,220,377,277,253,202,191
2019/8/4,12,368,571,1704,4103,1021,518,379,234,66,276,58,154,930,291,942,284,384,166,327,122,207,250,281,3434,214,459,310,628,664,566,367,1859,896,1490,1752,261,1276,937,629,606,797,11820,3866,1154,1327,1254,1123,1710,1423,349,993,229,263,685,430,128,67,401,297,517,2415,225,406,249,551,572,1505,2833,1397,953,1516,5541,913,2395,2465,1676,4688,616,646,288,970,464,4724,747,544,857,1470,2403,989,894,285,317,164,79,264,256,407,556,700,1300,1860,342,299,475,322,295,193,200
2019/8/4,13,421,582,1569,3634,1110,505,410,326,109,355,63,133,825,349,938,322,357,201,363,174,308,317,251,2241,262,543,499,703,723,682,419,2030,1026,1672,2460,306,1385,1027,799,737,1118,13472,3737,1188,1412,1669,1207,1868,1509,341,1076,248,320,693,386,151,137,373,364,578,2406,281,592,249,630,748,1495,2883,1668,976,1717,6479,1126,2981,2479,1943,4901,740,827,429,1153,555,4050,719,712,1141,1368,1058,961,980,279,440,215,147,331,372,431,614,695,1229,1786,430,348,463,363,403,282,307
2019/8/4,14,422,559,1433,3672,1028,533,496,327,126,408,78,154,785,347,876,317,333,199,372,225,294,395,182,1851,439,681,496,632,695,689,476,1941,1009,1362,2231,350,1545,1199,959,793,793,13258,3562,1190,1105,1695,1300,1777,1658,449,1188,316,300,714,464,166,93,403,398,630,2814,385,570,317,863,845,1521,3270,1678,1121,1979,6567,880,3273,2369,1690,4721,845,811,489,1120,602,3937,680,785,1012,1184,973,972,1018,331,453,220,112,341,411,471,689,741,1192,1629,466,486,506,452,470,302,338
2019/8/4,15,388,587,1161,3340,908,556,451,244,103,447,83,185,541,333,711,245,383,213,391,246,363,352,197,1488,311,646,515,760,732,697,512,1812,983,1299,1435,304,1678,1156,1104,949,618,13393,3276,1006,1110,1690,1303,1469,1363,508,1213,336,348,771,420,150,96,489,450,692,3335,329,847,282,805,849,1515,3694,1805,1147,2144,6621,679,2971,2064,1229,4621,1003,837,522,1203,581,2842,704,727,1110,1190,937,966,1052,412,544,244,142,382,449,570,650,728,1241,1600,600,487,636,557,540,421,375
2019/8/4,16,342,610,1465,3378,872,512,557,282,120,501,101,181,445,383,759,335,423,276,480,279,324,437,174,1511,318,671,645,960,888,862,587,1845,1073,1271,1539,301,2196,1418,1299,1156,554,14488,3416,1134,1127,1807,1834,1391,1318,535,1359,419,327,943,427,161,89,462,559,733,3462,423,785,404,1238,1015,1890,4117,2330,1397,2131,6536,704,2454,2234,1285,4628,1095,1016,626,1327,678,2990,799,856,1242,1028,1207,1093,1254,411,695,299,109,339,512,573,673,765,1259,1544,696,602,645,623,676,498,474
2019/8/4,17,347,732,1924,3925,1117,663,665,343,178,683,110,207,362,461,1001,438,521,337,657,367,478,560,244,1612,409,838,866,1090,1361,1271,726,2356,1343,1811,1621,346,2740,2016,1651,1496,663,15878,3875,1315,1298,1830,2563,1755,1753,658,1788,457,449,1173,421,226,120,548,623,647,4475,503,1069,506,1553,1271,2335,4034,2899,2024,2474,7269,895,2222,2916,1573,4999,1379,1199,748,1675,857,2510,1118,665,1576,1586,2186,1154,1651,552,743,353,161,483,589,816,766,915,1550,2015,1052,1006,889,885,895,665,629
2019/8/4,18,238,642,1689,3218,1086,617,677,288,187,662,178,202,235,439,791,398,507,294,648,312,475,487,278,1582,298,790,861,1088,1225,1106,646,2085,1398,1484,1215,314,2850,2024,1653,1703,470,13652,3416,1452,1255,1688,3225,1682,1695,734,1723,490,423,1228,388,188,137,581,625,711,3712,598,936,516,1610,1343,2065,3496,3003,1792,2284,6207,699,1796,2256,1359,4253,1142,1142,782,1384,782,2308,1144,444,1431,1479,960,1098,1767,648,778,306,184,440,611,927,838,980,1283,1808,957,915,947,838,984,656,586
2019/8/4,19,193,504,1236,2188,728,526,502,278,170,682,133,200,169,366,493,346,412,301,556,251,419,500,166,1562,261,726,888,1069,1110,1159,762,1749,1138,1353,880,217,2525,1744,1566,1504,416,11324,2407,1183,977,1369,2835,1525,1259,617,1699,441,344,1081,330,242,142,536,670,734,3192,491,928,531,1377,1209,1791,2890,2451,1705,1808,5175,519,1337,1606,854,3194,1085,1044,751,1103,536,1600,1000,334,1257,1020,770,955,1648,495,674,254,144,330,556,831,645,824,928,1254,902,799,888,820,918,628,612
2019/8/4,20,164,534,888,1514,705,507,536,279,193,625,131,206,168,404,349,301,508,306,564,204,476,507,97,1381,259,662,854,1034,1086,1123,795,1392,1037,1409,793,267,2399,1777,1615,1584,325,9119,1720,831,880,1275,2605,1367,1089,635,1614,552,439,1165,286,222,113,579,640,768,2221,624,917,437,1527,1204,1668,2544,2339,1736,1663,4149,419,930,1176,656,2314,970,1065,789,931,481,1213,868,344,583,893,599,911,1504,581,606,231,139,377,506,741,493,795,846,1079,807,776,777,799,797,561,602
2019/8/4,21,116,564,892,1103,759,539,591,321,232,686,154,213,190,490,372,378,557,330,620,204,476,561,88,1488,176,725,964,1134,1154,1079,858,1276,918,1358,717,298,2847,1990,1872,1938,270,7639,1274,762,964,1384,2007,1271,1208,678,1596,557,432,1246,229,272,138,554,549,734,1729,619,924,487,1779,1315,1794,2399,2839,1758,1587,3744,516,878,938,634,1854,1183,1177,796,1263,607,803,780,428,491,821,460,964,1147,583,642,270,157,366,613,595,581,981,951,995,918,834,956,954,939,632,692
2019/8/4,22,121,561,749,925,651,461,509,303,180,567,117,167,169,438,286,325,392,293,516,162,420,531,65,1281,148,593,795,869,875,800,621,932,648,966,546,178,2154,1674,1569,1574,202,5444,942,656,702,958,1334,981,989,594,1146,396,332,898,212,242,96,499,558,663,1518,566,696,449,1556,1182,1483,1945,2241,1549,1250,3278,417,726,836,480,1409,884,966,707,1332,384,667,668,272,330,688,385,699,714,494,679,221,113,309,556,764,424,747,730,632,842,939,986,857,941,679,630
2019/8/4,23,28,179,308,315,280,165,229,108,84,281,60,69,80,173,90,119,166,117,190,60,138,210,24,540,81,297,470,576,476,367,341,450,368,537,224,76,1093,721,759,766,118,1695,359,239,340,378,474,436,426,248,630,218,162,486,85,137,59,258,314,383,794,323,384,220,677,541,613,709,949,758,537,1103,158,254,275,173,456,387,386,317,221,194,353,323,92,138,280,193,357,276,312,283,88,69,156,267,286,178,383,342,286,442,348,377,394,463,333,363
2019/8/5,0,12,71,76,98,79,59,66,39,33,100,32,24,29,44,40,37,55,47,65,20,43,46,13,218,9,96,107,135,133,130,96,131,87,120,64,19,301,245,225,262,21,189,139,90,65,89,147,106,187,71,167,59,52,117,23,43,18,73,105,113,301,117,65,77,266,177,235,222,293,223,151,316,40,78,73,69,79,113,117,67,59,70,77,82,24,31,76,45,100,76,110,148,36,29,38,92,89,68,110,113,100,123,154,134,164,132,110,123
2019/8/5,1,0,0,0,0,0,0,0,0,0,0,0,0,0,0,0,0,0,0,5,0,2,9,0,8,0,11,13,11,7,12,0,0,0,0,0,0,0,8,5,12,0,0,0,0,0,0,0,0,0,2,1,0,2,13,0,2,0,5,7,8,77,11,4,4,10,7,7,0,0,0,0,0,0,0,0,0,0,0,2,4,2,0,0,0,0,0,0,0,0,0,3,23,0,0,0,0,0,0,0,0,0,0,0,0,0,0,5,7
2019/8/5,5,0,0,0,0,0,0,0,0,0,0,0,0,0,0,0,0,0,0,0,0,0,0,0,0,0,1,0,0,0,0,0,0,0,0,0,0,0,0,0,0,0,1,0,0,1,0,0,2,2,0,4,0,0,0,0,0,0,0,0,0,1,0,0,0,0,0,0,0,3,0,1,2,0,0,0,0,0,0,0,1,0,0,0,0,0,0,0,0,1,0,0,0,1,0,0,0,0,0,0,0,0,0,0,0,0,0,0,0
2019/8/5,6,351,148,582,474,399,145,119,39,28,210,15,63,22,148,155,177,162,68,108,44,54,64,62,373,12,162,132,230,286,156,76,329,191,385,348,154,270,165,227,99,683,3721,324,592,459,601,434,573,305,206,692,64,287,382,141,54,84,193,104,93,370,150,672,87,126,309,158,787,416,160,341,446,305,399,410,269,915,175,167,278,323,167,318,216,283,266,506,343,304,317,79,111,72,107,127,108,78,277,242,471,317,96,69,64,124,91,114,80
2019/8/5,7,514,923,3445,1681,1924,697,645,97,87,784,40,339,168,675,568,1109,1139,577,254,91,304,407,419,1731,93,359,405,826,1137,620,283,1331,1060,1742,2006,1118,910,620,829,309,2782,8174,1240,1996,2044,1968,1389,1885,1345,1077,2706,218,1868,1138,453,149,310,684,449,310,1060,1158,1046,336,398,1233,525,1999,1224,560,1179,1973,1755,1537,2080,1072,3871,1106,738,1492,1034,795,1565,1251,706,905,3486,2027,1965,1278,470,624,342,645,269,461,179,902,933,2234,1549,246,264,320,241,203,359,276
2019/8/5,8,831,3161,12185,4064,4850,2212,1650,190,95,849,123,271,371,755,1381,6076,5230,401,361,140,690,403,2071,4969,113,401,638,1421,2801,1092,521,2517,1992,4886,5159,2172,1194,872,1274,615,5584,13069,4426,4210,4536,2748,2531,2116,2279,852,3078,357,1644,941,239,285,798,1906,386,711,851,891,1070,341,614,1476,985,3517,1954,1546,1698,5890,4961,5507,5745,4147,11571,2279,1199,3049,1823,3161,6959,4114,1057,2151,13270,5758,5692,3514,795,368,436,1557,437,545,325,1515,2914,7527,3509,280,314,288,410,352,283,305
2019/8/5,9,460,1479,5009,3257,2552,1188,900,196,75,568,61,130,433,458,943,3740,2573,231,293,118,403,201,734,3025,136,267,395,790,1680,654,310,1789,914,3037,2169,788,926,665,697,431,3169,8317,2811,2065,2012,1344,1482,1574,1088,689,2146,338,802,618,185,111,381,1313,344,373,948,227,640,219,487,1202,779,1693,1163,1071,1236,3245,2322,2931,3124,2841,6685,1467,918,1161,1170,1869,6506,1969,584,954,4501,2714,2742,2194,499,217,161,357,279,284,320,715,1364,3238,1554,305,205,251,272,256,182,164
2019/8/5,10,329,594,2151,3239,1230,620,427,136,75,438,43,96,728,315,592,781,574,159,311,75,248,159,265,1041,106,376,262,521,828,499,266,1372,657,1564,1498,543,988,570,549,412,2399,7508,2502,1744,1045,989,1098,1607,1001,565,1710,208,322,572,234,75,151,535,368,326,1257,138,397,227,436,807,796,1520,1100,743,1263,3114,1098,1865,1995,1559,3901,766,493,478,656,720,3313,846,364,713,1967,1260,1240,767,331,183,160,129,200,242,333,496,740,1405,1373,240,211,282,203,244,165,168
2019/8/5,11,302,467,1885,3275,999,503,344,115,68,392,36,131,696,267,717,376,338,153,276,70,198,186,150,575,171,347,285,520,643,516,313,1421,627,1389,1549,390,1111,665,567,460,1505,8395,2767,1449,957,895,831,1425,902,445,1256,211,243,623,231,76,117,447,285,385,1509,184,365,191,445,613,914,1705,1119,722,1346,3801,1001,1844,2266,1382,3768,702,605,406,746,428,3223,833,268,581,1882,929,1029,790,316,296,111,126,204,233,339,467,673,1403,1548,219,260,279,222,274,166,180
2019/8/5,12,364,597,1869,3587,1173,628,444,154,81,519,52,180,588,397,546,403,427,165,334,96,258,262,187,724,274,368,366,632,767,538,368,1691,798,1711,1464,461,1297,887,762,582,1582,9817,3030,1277,1147,1024,957,1533,1053,549,1404,239,313,793,285,152,111,591,403,418,1800,228,427,211,540,697,1112,1889,1404,943,1402,4248,1042,2023,2226,1519,3855,825,681,561,861,406,2819,805,346,659,1763,1048,1073,1052,348,307,185,147,232,384,459,524,717,1430,1760,380,413,359,345,431,250,210
2019/8/5,13,399,633,1994,3239,1209,710,447,136,106,544,60,134,543,398,571,462,535,183,354,142,285,239,196,736,189,416,456,656,735,583,405,1494,876,2011,1721,656,1324,852,837,635,2292,9980,2732,1561,1165,1110,1014,1550,1015,675,1539,244,337,719,297,127,140,560,367,423,1527,217,480,289,638,882,1295,1960,1328,949,1392,4629,1262,2082,2301,1693,3779,829,804,553,712,413,2959,919,455,811,1926,1124,1136,983,408,375,160,144,220,393,434,451,710,1166,1849,429,392,478,358,417,255,255
2019/8/5,14,394,506,1730,2828,1033,548,440,175,76,460,64,134,405,330,486,403,410,168,345,96,293,243,142,669,207,389,419,644,672,582,373,1306,841,1492,1506,556,1309,896,755,599,1724,9016,2520,1514,997,1112,995,1341,946,583,1331,246,269,655,293,126,94,410,374,413,1870,205,563,273,655,866,1173,1933,1347,909,1561,4568,965,2078,2119,1256,3318,791,682,518,704,443,2248,723,394,744,1491,1002,952,886,315,331,192,142,232,324,406,496,645,1241,1303,357,323,433,344,329,255,217
2019/8/5,15,312,533,1449,2579,826,532,442,192,123,479,62,150,284,320,437,340,349,189,370,130,291,280,132,708,223,479,505,632,757,636,415,1223,818,1337,1254,469,1546,1091,976,814,1208,9186,2292,1212,957,1073,1119,1261,894,594,1340,262,255,778,267,130,96,405,399,456,1777,280,589,267,711,878,1199,2158,1533,988,1637,4664,753,1890,1869,1073,3056,825,777,487,708,433,1933,739,359,722,1340,844,901,934,295,380,212,105,233,386,455,429,643,1114,1277,502,379,496,419,459,316,277
2019/8/5,16,349,614,1590,2666,1033,647,548,211,156,640,81,179,179,417,491,351,417,266,529,191,442,393,160,1015,193,489,599,880,864,756,520,1326,991,1681,1290,339,2054,1357,1234,1029,907,10316,2344,1144,1068,1473,1416,1424,1188,651,1546,429,363,973,327,200,82,549,536,489,2378,354,790,393,1063,1058,1513,2507,2072,1390,1886,4943,853,1725,1968,1117,3067,1005,880,578,973,540,1651,823,374,704,1543,904,1004,1112,379,462,224,169,379,429,554,518,752,1200,1429,802,571,708,602,682,443,394
2019/8/5,17,356,980,2216,3636,1454,942,855,349,244,970,175,279,290,642,818,519,620,370,893,280,676,672,227,1692,319,905,1012,1554,1551,1344,940,2277,1515,2507,1638,492,3924,2786,2308,2079,1232,15621,3422,1544,1430,2356,2440,2100,1994,826,2183,582,505,1480,351,287,157,727,806,773,2868,501,1158,621,2094,1894,2675,3802,3707,2468,2614,6477,1127,2050,2589,1447,4336,1470,1407,904,1613,910,2277,1295,595,861,1850,1237,1585,2105,694,1123,383,174,550,900,992,803,1062,1497,2076,1415,1187,1170,1176,1150,803,718
2019/8/5,18,473,1655,3493,5240,2252,1642,1472,640,546,2200,351,484,491,1051,1280,962,1212,639,1441,531,1284,1411,402,3042,466,1324,1802,2265,2684,2338,1402,2908,2189,3734,2148,666,6634,4875,4092,3650,1114,16753,4764,1988,2092,3160,3843,2985,2893,1431,3146,932,848,2475,401,459,195,932,1327,1129,4145,969,1861,1070,3721,3507,4667,6134,6971,4604,3569,8009,1595,2798,3883,2313,5932,2427,2249,1384,2440,1054,2631,1924,777,1209,2928,1830,2214,3582,1363,1929,743,326,992,1627,1611,1225,1797,2140,2659,2313,2239,2450,2124,2140,1526,1636
2019/8/5,19,286,1079,2147,3387,1429,1150,1097,493,432,1718,311,459,432,692,791,689,952,558,1157,409,951,1087,240,2515,380,1421,1552,1837,1893,1692,1239,2009,1694,2631,1437,404,4923,3938,3602,3172,560,10265,3487,1557,1510,2102,3389,2467,2302,1240,2724,897,814,2126,330,374,194,875,1148,1304,3573,946,1740,991,3184,2979,3719,4632,5311,3302,2772,6088,861,1967,2479,1529,3830,1723,1645,1107,1597,725,1743,1260,500,813,1729,1078,1351,2448,1208,1691,561,263,695,1194,1309,887,1342,1498,1881,2132,1853,1818,1897,1629,1439,1343
2019/8/5,20,181,642,1064,1634,838,593,706,331,260,1016,225,311,250,458,465,336,521,310,640,261,562,633,145,1621,224,937,1027,1217,1202,1268,817,1264,1056,1551,815,328,3065,2301,2287,1910,357,7027,1718,882,810,1414,2340,1512,1371,788,1634,624,489,1367,284,331,180,606,823,955,2408,627,1176,691,1970,1705,2226,2855,3119,2157,1767,4383,492,1135,1285,708,2108,1075,1179,768,1049,476,901,769,310,517,916,573,912,1486,603,908,327,178,402,732,854,579,873,827,1130,1109,1060,1146,927,985,847,869
2019/8/5,21,127,595,929,1070,763,557,596,326,283,924,209,267,230,480,355,285,451,368,607,229,561,564,130,1636,174,855,955,1120,1130,1061,788,1024,876,1355,642,264,2892,2188,2073,1851,242,6279,1215,718,763,1385,1765,1216,1170,748,1579,541,500,1239,219,278,137,552,694,862,1904,582,842,512,1833,1615,1870,2430,2890,2020,1631,3877,473,898,855,522,1728,1091,1171,813,919,453,708,700,333,450,880,456,855,1161,642,679,235,151,380,592,653,580,889,848,885,1114,935,957,1013,963,783,601
2019/8/5,22,90,491,749,778,561,444,464,280,198,628,137,225,214,395,270,285,480,275,527,197,506,511,64,1453,222,750,931,950,1085,888,613,876,586,1049,449,161,2544,1833,1863,1764,236,4062,861,629,670,1146,1301,973,1054,590,1270,433,380,989,212,235,117,501,584,786,1711,556,890,517,1744,1395,1757,2155,2644,1739,1357,3068,410,616,558,454,1111,971,951,689,652,357,428,595,277,365,642,381,720,874,603,718,223,138,324,641,660,482,716,685,665,1019,1060,1078,995,919,675,734
2019/8/5,23,26,142,238,317,190,127,171,103,76,205,40,71,64,138,88,101,144,94,180,66,144,163,33,540,79,297,423,448,356,336,276,289,284,414,170,70,896,661,706,784,79,1187,266,176,226,265,364,324,338,188,459,206,193,413,91,112,47,228,261,377,828,303,373,185,722,549,602,684,949,618,484,1051,136,203,190,185,370,321,362,270,174,134,175,237,80,131,228,170,301,264,268,247,93,51,119,233,239,173,374,275,224,460,407,352,369,415,352,327
2019/8/6,0,4,84,104,105,83,61,68,38,30,84,34,41,36,41,55,60,69,42,63,20,45,42,7,246,6,110,109,161,118,142,133,131,91,143,67,29,310,293,222,276,20,231,112,70,92,91,128,114,163,93,245,50,57,143,16,56,14,76,118,92,337,117,80,88,260,193,271,264,292,215,183,335,30,81,73,48,92,122,137,87,58,46,90,85,37,35,68,37,94,100,104,119,42,21,37,99,105,53,128,79,86,160,156,131,163,127,139,123
2019/8/6,1,0,0,0,0,0,0,0,0,0,0,0,0,0,0,0,0,0,0,3,0,6,4,0,11,0,6,0,7,6,9,0,0,0,0,0,0,6,10,11,13,0,0,0,0,0,0,0,0,0,0,0,0,6,14,0,2,0,5,3,4,49,8,4,6,10,3,11,0,0,0,0,0,0,0,0,0,0,0,0,3,1,1,0,0,0,0,0,0,0,0,5,13,6,0,0,0,0,0,0,0,0,0,0,0,0,0,7,11
2019/8/6,5,0,0,0,0,0,0,0,0,0,0,0,0,0,0,0,0,0,0,0,0,0,0,0,0,0,0,0,0,0,0,0,0,0,0,0,0,0,0,0,0,0,2,0,0,1,2,0,5,1,0,0,0,0,0,0,0,0,1,2,0,2,0,0,0,1,0,0,1,0,0,0,3,0,0,0,0,0,1,0,0,0,0,0,0,0,0,0,0,0,1,0,0,0,0,0,0,0,0,0,0,0,0,0,0,0,0,0,0
2019/8/6,6,239,143,626,462,407,129,100,43,28,162,9,79,29,132,161,178,164,76,94,40,58,57,66,336,24,176,113,226,270,148,75,324,207,367,409,157,275,159,227,101,699,3045,336,648,454,581,423,497,285,188,734,64,275,358,146,36,82,191,97,89,340,146,625,107,123,301,162,625,457,183,346,446,355,355,415,260,898,194,172,278,283,172,246,214,236,258,507,318,295,297,70,112,69,107,121,106,60,216,258,506,314,90,64,68,136,80,94,86
2019/8/6,7,414,938,3588,1748,2019,726,624,92,73,856,38,381,167,687,572,1116,1177,579,292,81,300,411,440,1663,90,408,430,902,1204,684,283,1287,1038,1735,2161,1060,906,555,863,319,2849,8117,1336,2100,2010,1974,1514,1841,1379,1102,2602,246,1862,1041,415,174,353,659,479,299,1029,1192,1018,333,420,1171,532,1893,1217,497,1130,1940,1893,1588,2103,993,3938,1118,724,1475,1091,851,1673,1278,652,986,3615,1952,1968,1254,463,655,339,663,260,464,220,775,888,2261,1712,256,285,307,247,190,352,251
2019/8/6,8,812,3145,12005,4164,4784,2329,1652,224,127,899,124,297,440,847,1478,6172,5217,351,397,134,649,403,2097,5076,115,452,662,1431,2780,1075,557,2517,1955,4906,5428,2206,1262,930,1361,656,5947,13221,4470,4349,4595,2969,2693,2208,2372,963,3071,370,1631,1188,301,301,777,1810,447,740,979,910,1131,381,590,1529,1014,3567,2011,1560,1608,5952,5220,5516,5799,4196,12052,2217,1247,3103,1914,3131,6998,4137,1014,2271,13324,5688,5715,3489,794,438,538,1520,470,545,346,1542,2860,7609,3626,327,299,335,352,334,294,312
2019/8/6,9,502,1479,5149,3310,2781,1325,968,250,73,534,61,155,725,477,994,3771,2681,165,311,116,470,212,754,3110,133,328,349,754,1773,702,316,1902,974,3167,2250,846,1028,745,736,398,3474,7963,3068,2123,2125,1475,1673,1887,1191,777,2191,300,923,787,249,135,424,1165,349,454,1148,214,661,213,484,1279,891,1778,1219,1092,1386,3243,2541,3122,3234,2896,7104,1451,909,1025,1166,1822,4480,2033,505,982,4459,2949,2805,2228,436,219,164,366,295,248,278,693,1336,3257,1762,227,178,258,292,239,189,174
2019/8/6,10,334,623,2242,3228,1257,561,431,230,64,434,39,108,1251,305,719,755,633,164,304,106,230,246,290,1017,103,387,305,530,766,580,271,1380,643,1522,1759,543,993,650,550,372,2626,7328,2470,1897,1073,1124,1235,1793,1103,633,1640,186,308,664,315,154,145,458,317,324,1182,161,384,273,442,798,917,1667,1015,712,1403,3328,1241,1888,2058,1703,3691,885,660,502,708,736,1790,859,461,797,2089,1305,1228,833,366,221,143,147,217,259,372,480,687,1517,1532,224,197,242,202,247,187,162
2019/8/6,11,335,461,1939,3302,1050,479,364,161,62,377,43,125,1069,335,735,429,395,111,256,153,206,211,168,586,160,333,290,520,665,522,302,1379,658,1437,1630,446,1102,696,539,492,1653,8042,3130,1569,935,971,981,1601,959,437,1230,167,241,626,341,89,117,356,349,327,1472,158,322,174,586,592,1000,1742,1231,796,1344,4010,1170,1641,2261,1531,3587,717,525,386,672,400,1889,803,299,722,2062,1014,1084,801,277,249,130,157,169,258,298,490,693,1468,1574,298,261,286,217,314,190,170
2019/8/6,12,410,648,1866,3537,1219,584,483,194,95,536,71,166,778,377,627,469,449,182,369,88,275,223,223,773,221,391,339,678,787,615,361,1538,835,1753,1731,458,1262,964,757,605,1687,9609,3103,1283,1198,1107,1019,1662,1040,553,1432,249,281,809,282,139,114,446,429,283,1750,181,420,220,598,748,1143,1915,1543,951,1467,4510,1147,2015,2181,1463,3826,953,704,427,798,452,1881,834,320,694,1857,1051,1124,947,368,336,180,139,291,349,442,538,755,1460,1774,374,353,411,289,411,212,215
2019/8/6,13,392,691,2180,3350,1410,714,474,198,116,548,103,161,701,442,627,536,574,228,387,107,306,248,240,771,159,395,465,716,853,672,367,1605,1018,1999,1892,561,1322,959,841,686,2494,9628,2994,1489,1189,1248,1136,1568,1129,676,1623,280,369,773,396,156,151,530,409,407,1603,252,536,265,704,919,1376,2035,1483,961,1442,4891,1393,2260,2432,1460,3783,969,745,605,778,408,1991,954,410,790,1938,1234,1099,921,353,413,175,170,290,340,441,518,808,1349,1630,473,335,499,395,365,290,250
2019/8/6,14,336,640,1736,2940,1047,554,424,146,107,507,60,137,536,380,557,397,459,169,381,108,286,226,148,631,192,405,398,599,749,650,329,1393,796,1505,1722,566,1384,963,886,647,1834,8124,2679,1436,1047,1171,1135,1259,952,660,1367,263,301,747,318,112,96,407,414,417,1826,197,559,254,644,841,1198,1920,1442,960,1648,4487,998,2093,2292,1352,3502,821,753,433,741,424,1664,818,374,723,1641,1056,1009,948,322,368,174,165,234,333,388,482,717,1214,1404,432,328,417,353,330,236,242
2019/8/6,15,296,606,1436,2827,994,582,477,203,124,507,62,176,312,342,497,334,403,229,417,121,311,273,142,819,284,444,500,737,788,673,426,1298,810,1390,1431,413,1491,1112,1018,815,1308,8662,2383,1233,952,1258,1066,1306,872,588,1351,270,274,721,298,105,129,395,380,442,1842,262,635,302,851,903,1184,2062,1613,1091,1778,4446,841,1885,1995,1080,3090,901,727,477,733,384,1599,853,385,634,1495,911,923,837,326,412,210,138,237,335,452,456,666,1152,1326,483,453,468,422,465,284,283
2019/8/6,16,364,617,1703,2867,1113,665,584,221,154,638,94,192,247,377,585,406,442,312,573,200,459,434,165,1126,209,599,559,908,867,902,544,1388,1018,1731,1482,426,2074,1457,1340,1063,963,10449,2465,1118,1024,1595,1517,1531,1228,677,1661,404,396,1257,373,188,102,600,558,491,2438,336,810,415,1036,1129,1550,2724,2167,1442,1787,4677,871,1748,2105,1143,3352,1134,947,579,1076,600,1620,830,416,717,1601,936,1024,1094,431,490,254,175,360,467,545,562,740,1221,1441,830,600,665,704,717,423,433
2019/8/6,17,363,1094,2587,3758,1579,1007,858,403,272,1038,178,325,379,692,901,596,731,388,920,279,706,733,245,1810,357,942,1067,1594,1671,1312,1015,2303,1586,2671,1869,452,3948,2655,2379,2188,1098,15623,3880,1494,1545,2609,2572,2227,2037,859,2214,624,554,1517,342,317,155,712,820,782,2851,525,1230,599,2089,1936,2724,3945,3840,2673,2688,6385,1284,2126,2912,1711,4545,1692,1454,935,1710,846,2224,1419,583,935,2012,1416,1563,2185,710,1136,395,206,655,916,996,839,1159,1672,2261,1435,1158,1159,1187,1261,853,765
2019/8/6,18,481,1651,3832,5824,2563,1680,1577,636,497,2178,338,514,534,1117,1464,979,1256,671,1410,497,1339,1392,422,3004,469,1386,1780,2273,2633,2277,1399,2910,2316,3927,2521,647,6489,4987,4128,3504,1254,17219,5437,2203,2112,3332,4032,3112,2990,1471,3258,963,935,2370,415,490,217,895,1356,1197,4167,953,1919,1109,3857,3500,4900,6289,6992,4542,3594,8309,1833,3162,4307,2540,6346,2464,2223,1288,2491,1146,2801,2026,713,1280,3204,1950,2419,3570,1348,2074,776,330,922,1662,1512,1203,1835,2390,3004,2378,2283,2564,2046,2141,1485,1659
2019/8/6,19,293,1126,2176,3582,1492,1075,1151,490,443,1718,354,468,424,754,871,704,872,522,1169,359,979,1097,300,2343,378,1291,1639,1935,1839,1676,1225,2289,1835,2741,1515,417,5016,3963,3705,3285,627,10354,3575,1539,1497,2245,3276,2596,2492,1203,2621,874,731,2162,359,432,181,856,1215,1362,3624,894,1616,907,3191,2951,3751,4659,5236,3395,2792,6228,844,2010,2694,1600,4203,1829,1673,1038,1658,673,1772,1346,505,811,1830,1079,1394,2382,1178,1672,502,303,755,1261,1297,918,1329,1490,1863,2100,1833,1737,1869,1643,1334,1259
2019/8/6,20,185,635,1166,1730,888,592,693,330,312,1000,246,295,282,478,415,353,500,357,669,304,666,653,153,1703,232,859,1074,1275,1200,1215,793,1281,1046,1566,784,274,3242,2349,2262,2009,318,7034,1715,902,898,1497,2514,1477,1322,812,1704,611,553,1447,218,286,157,574,848,1034,2447,669,1151,628,1928,1805,2267,3057,3216,2216,1856,4290,545,1148,1396,714,2152,1012,1119,830,1056,468,954,856,396,517,897,576,912,1596,707,912,346,164,423,735,781,588,854,877,1125,1122,1119,1170,1034,947,865,873
2019/8/6,21,130,672,1035,1166,869,637,646,391,314,959,197,306,281,552,411,346,575,365,666,279,630,662,122,1789,184,959,1024,1245,1260,1123,818,1174,997,1553,768,285,3245,2386,2118,2023,264,6663,1302,749,867,1551,1882,1338,1398,776,1662,549,482,1393,260,277,145,597,700,887,1901,635,904,595,1946,1789,2061,2802,3150,2077,1770,3769,515,938,978,628,1842,1178,1331,907,1050,478,671,716,287,461,872,543,932,1430,633,789,264,181,405,691,703,591,960,940,967,1150,1025,986,1054,1151,806,705
2019/8/6,22,79,592,848,792,676,494,511,298,223,727,173,245,255,427,356,328,473,327,569,173,490,627,104,1609,219,869,1009,1130,1177,1008,699,994,737,1116,520,184,2751,2169,2103,1947,242,4230,901,668,721,1153,1349,1051,1151,679,1448,485,419,1033,198,224,103,588,625,838,1856,639,925,579,1911,1579,1930,2362,2946,1977,1392,2967,379,623,640,465,1236,972,1012,819,634,371,524,630,287,376,658,400,816,946,598,795,262,155,363,651,770,548,772,741,697,1119,1104,1179,1056,997,762,818
2019/8/6,23,21,135,285,301,192,124,191,112,91,237,54,70,95,131,83,104,167,99,175,78,192,165,32,593,84,305,441,474,369,374,259,297,318,454,194,75,891,654,754,793,84,1281,344,211,230,291,384,337,370,204,470,161,162,378,122,110,64,221,285,407,933,308,392,214,778,555,685,648,964,672,552,1086,132,238,234,128,343,353,367,312,215,136,196,240,84,103,252,174,336,281,277,312,87,53,137,257,250,190,356,288,238,502,382,407,379,437,384,334
2019/8/7,0,18,85,88,114,96,74,89,36,28,113,26,35,32,55,36,64,79,39,59,17,66,51,6,269,13,118,128,177,175,177,135,138,99,160,75,23,367,299,251,278,33,215,127,77,82,138,154,135,158,97,224,59,58,135,12,52,14,88,105,118,353,162,74,105,270,214,271,231,320,230,189,299,50,80,90,52,124,151,159,89,57,51,145,126,31,20,85,51,125,93,109,113,39,29,57,97,143,81,113,115,89,141,163,159,208,169,128,162
2019/8/7,1,0,0,0,0,0,0,0,0,0,0,0,0,0,0,0,0,0,0,8,0,5,1,0,7,0,11,6,7,6,7,0,0,0,0,0,0,3,9,4,11,0,0,0,0,0,0,0,0,0,0,0,0,1,6,0,3,0,4,6,8,64,6,2,5,12,1,7,1,0,0,0,0,0,0,0,0,0,0,1,3,0,6,0,0,0,0,0,0,0,0,6,8,2,0,0,0,0,0,0,0,0,0,0,0,0,0,9,6
2019/8/7,5,0,0,0,0,0,0,0,0,0,0,0,0,0,0,0,0,0,0,0,0,3,0,0,0,0,0,0,0,0,0,0,1,0,0,0,1,2,1,0,0,0,1,0,0,0,0,1,4,0,0,1,0,0,0,0,0,0,2,1,0,2,0,0,0,0,0,0,0,1,0,0,0,0,0,0,1,1,0,0,0,0,0,0,0,1,0,0,0,0,0,0,0,0,0,0,0,0,0,0,0,0,0,0,0,0,1,0,0
2019/8/7,6,287,157,553,438,391,115,110,29,26,181,18,74,30,135,147,170,192,62,100,41,67,61,60,332,12,184,124,207,266,156,73,307,194,333,423,152,279,172,221,79,647,2948,318,590,449,547,417,518,285,196,702,83,277,370,140,50,80,176,102,85,300,154,613,89,125,275,155,688,376,160,309,459,375,380,462,261,888,221,176,257,282,163,240,231,218,272,488,339,286,286,86,118,62,102,115,97,63,198,243,506,307,81,68,83,143,76,107,84
2019/8/7,7,442,913,3595,1676,2000,728,622,107,95,837,49,386,173,686,567,1100,1096,550,281,86,305,404,420,1744,98,360,452,856,1120,622,279,1373,1013,1828,2159,1112,939,547,850,337,2924,8143,1251,1954,2027,1976,1540,1842,1430,1087,2563,205,1870,1145,463,183,328,648,501,266,763,1173,986,317,447,1140,580,1897,1251,605,1166,1941,1819,1551,2010,1050,3926,1255,700,1498,1053,847,1446,1281,653,995,3614,1991,1947,1281,469,668,347,667,271,457,193,831,861,2192,1640,238,263,316,263,181,371,284
2019/8/7,8,798,3152,12263,4190,5028,2267,1597,232,134,863,131,288,443,825,1458,6129,5249,405,417,153,642,393,2130,5026,108,550,633,1457,2868,1116,538,2603,1958,4961,5498,2249,1186,967,1329,661,5928,13388,4437,4564,4571,2894,2574,2312,2349,878,3164,393,1583,1189,288,329,791,1853,430,765,924,913,1061,413,667,1366,973,3793,1935,1606,1765,5922,5040,5390,5718,4152,11944,2205,1316,3139,1899,3048,6457,4002,1060,2231,13301,5808,5753,3398,849,425,490,1546,480,509,318,1475,2889,7616,3653,283,328,323,395,390,304,287
2019/8/7,9,469,1492,5125,3602,2745,1353,910,268,86,544,40,141,579,573,952,3821,2729,212,293,137,373,236,731,3156,87,369,382,806,1636,685,327,1650,1069,3306,2318,827,993,738,695,392,3390,8330,2993,2271,2199,1381,1531,1811,1195,756,2227,324,857,766,249,128,399,1289,351,418,1011,266,581,216,510,1180,808,1755,1293,1113,1306,3151,2448,3146,3371,3027,6553,1553,997,1064,1249,1794,4581,2127,535,986,4593,2834,2874,2361,474,230,180,396,282,238,332,701,1452,3292,1729,278,194,256,262,243,218,173
2019/8/7,10,312,647,2246,3488,1354,636,393,242,76,466,53,123,909,383,809,822,637,148,269,102,243,164,232,1029,129,350,334,496,760,538,267,1446,725,1708,1679,507,974,626,553,385,2332,7488,2513,1740,1063,1037,1067,1605,1086,636,1755,225,314,684,270,173,187,507,415,315,1200,174,425,194,414,779,829,1631,1113,730,1413,3245,1252,2016,2113,1581,3941,870,592,521,699,772,1738,938,339,779,2202,1292,1307,869,332,213,138,152,245,270,293,538,705,1499,1512,235,194,287,231,263,153,172
2019/8/7,11,361,553,2123,3564,1065,528,373,160,67,443,49,123,874,295,700,459,466,134,260,90,206,188,227,655,164,294,315,539,699,602,311,1448,678,1388,1589,383,1140,765,663,473,1492,8446,3155,1557,1018,1029,979,1518,985,485,1465,187,250,666,290,96,127,371,295,354,1617,202,344,197,457,624,1033,1800,1293,805,1343,4022,1068,1779,2388,1593,3828,747,531,366,777,411,1964,843,245,691,2106,972,1106,808,299,261,162,139,231,290,344,487,762,1470,1685,306,288,284,236,290,185,190
2019/8/7,12,381,623,2065,3895,1262,621,465,209,87,517,67,144,546,416,588,468,485,193,379,87,325,250,189,706,279,427,343,636,845,623,363,1638,859,1816,1632,466,1385,989,810,577,1499,9894,3231,1332,1212,1241,998,1638,1103,528,1586,276,364,866,267,130,109,500,459,417,1816,199,469,234,535,743,1197,2072,1564,1069,1555,4722,1217,1996,2374,1490,3871,1002,691,413,872,486,1876,825,347,737,2001,1095,1202,978,302,373,173,128,270,366,452,476,772,1447,1728,455,375,431,310,390,225,228
2019/8/7,13,379,686,2209,3499,1422,773,456,218,100,607,69,154,471,408,742,477,528,207,420,116,366,329,253,852,186,355,428,621,803,654,358,1582,922,2050,1760,817,1343,947,860,672,2366,10216,3040,1602,1286,1263,976,1668,1120,650,1631,275,369,748,303,140,134,516,397,461,1464,222,487,240,703,959,1361,2216,1510,1032,1525,4830,1577,2180,2406,1534,4015,856,745,628,800,442,2030,968,416,785,2150,1265,1135,1020,374,396,233,168,257,370,469,485,794,1318,1594,448,410,429,359,454,302,244
2019/8/7,14,338,570,1741,2945,1065,581,416,209,92,474,80,130,383,365,570,378,454,185,360,121,255,254,159,655,162,412,387,659,862,626,416,1378,878,1580,1433,537,1333,964,788,674,1800,8471,2764,1372,1007,1135,1008,1360,1030,632,1413,270,285,687,337,122,95,395,395,453,1711,234,566,271,640,895,1162,1973,1352,958,1570,4693,1052,2045,2197,1314,3573,907,733,496,723,422,1769,788,354,732,1723,1082,1051,927,296,443,192,203,287,300,441,468,699,1282,1317,365,373,433,396,321,270,272
2019/8/7,15,346,599,1474,2836,964,580,515,216,110,500,52,136,290,341,493,330,367,182,321,99,344,292,144,838,240,471,427,712,723,679,390,1295,835,1355,1379,433,1567,1094,922,809,1249,8807,2514,1168,901,1210,1140,1231,983,584,1317,331,268,698,300,108,91,385,404,446,1622,239,593,282,779,870,1230,2119,1612,1072,1834,4422,896,1899,2124,1095,3248,925,717,470,727,373,1532,746,348,711,1504,828,930,929,360,399,190,151,287,401,481,466,600,1124,1213,571,441,490,439,484,296,290
2019/8/7,16,328,658,1726,2832,1097,644,518,223,177,653,95,187,245,438,646,377,457,231,547,203,445,374,166,1075,213,525,647,846,917,831,572,1367,1083,1693,1495,408,2113,1466,1238,987,958,10189,2637,1093,1038,1581,1369,1473,1243,688,1677,470,362,1049,320,182,97,568,586,506,2104,336,777,382,1009,1074,1546,2605,2141,1445,1996,4888,918,1772,2082,1206,3430,1122,905,610,1069,477,1518,794,428,685,1644,953,1142,1158,402,451,235,164,371,433,566,577,736,1166,1413,753,614,663,639,658,411,439
2019/8/7,17,405,1141,2644,4176,1639,1017,892,362,254,1071,154,261,261,738,1028,606,716,448,876,311,718,707,229,1735,336,911,991,1589,1653,1434,971,2449,1552,2780,1812,451,3872,2672,2349,1993,1250,15897,3914,1580,1594,2428,2514,2267,2156,886,2175,620,554,1500,421,276,162,695,704,779,2593,538,1208,597,2099,1849,2801,4074,3847,2606,2516,6983,1253,2119,3037,1740,4832,1726,1367,977,1752,892,2313,1354,613,954,2254,1395,1733,2349,725,1114,386,217,581,917,965,902,1233,1733,2271,1398,1206,1252,1253,1251,850,722
2019/8/7,18,503,1850,4316,6449,2601,1892,1621,578,486,2224,329,461,534,1155,1677,1080,1205,661,1641,464,1370,1409,472,3007,470,1318,1975,2396,2807,2438,1447,2924,2524,4307,2319,657,6682,4983,4281,3543,1208,19071,6129,2145,2207,3219,3654,3063,3090,1459,3372,971,897,2437,580,519,238,920,1344,1209,3944,917,1894,1060,3578,3413,4923,6953,7305,4570,3495,9379,1830,3069,4702,2801,7255,2616,2369,1272,2826,1075,3056,2106,808,1369,3622,2192,2366,3736,1330,1942,749,366,933,1672,1625,1343,2002,2566,3074,2401,2194,2563,2038,2099,1539,1455
2019/8/7,19,302,1237,2630,4481,1774,1275,1260,543,459,1805,342,513,474,797,989,708,947,583,1242,387,1064,1156,335,2437,420,1438,1573,1804,2097,1707,1360,2229,1883,2941,1461,364,5185,3931,3762,3281,645,11846,4141,1451,1552,2190,2772,2387,2472,1224,2676,907,789,2044,455,368,195,807,1091,1337,3597,940,1678,997,3203,3092,3814,5497,5480,3615,2674,6576,974,2190,3165,1943,5124,1903,1782,1099,2036,648,1839,1585,487,879,2197,1281,1599,2137,1317,1667,552,298,790,1187,1276,931,1557,1659,2088,2138,1857,1922,1972,1721,1453,1437
2019/8/7,20,218,628,1208,1996,920,661,729,358,244,1009,207,346,272,465,495,405,568,362,716,276,646,649,152,1655,198,907,1190,1300,1271,1269,858,1291,993,1663,793,269,3240,2363,2299,2086,338,7264,1931,858,847,1409,1936,1485,1269,782,1674,629,496,1375,287,344,165,571,817,949,2418,581,1024,607,2002,1785,2156,3142,3265,2039,1804,4382,538,1096,1500,764,2553,1141,1201,813,1182,417,951,882,386,497,961,658,956,1342,668,851,312,155,415,782,711,567,840,958,1040,1104,1050,1245,992,1036,776,809
2019/8/7,21,155,701,1089,1258,822,652,696,388,269,941,200,292,253,534,399,402,532,397,680,248,619,659,133,1804,209,928,1108,1254,1296,1127,900,1119,984,1609,696,268,3285,2350,2263,2005,221,6727,1160,716,901,1431,1753,1286,1276,750,1732,525,533,1254,212,262,131,554,672,865,1974,623,956,532,1973,1668,2076,2922,3298,2154,1905,3667,503,998,1037,656,1932,1246,1323,936,1046,431,798,700,376,452,951,614,944,1241,678,718,297,160,394,641,694,651,966,910,1052,1253,1015,948,1005,1190,779,707
2019/8/7,22,101,585,838,887,665,506,608,349,239,792,185,251,251,450,322,379,530,307,611,247,557,630,92,1633,234,793,1103,1102,1174,1081,763,1084,736,1210,547,212,2787,2219,2153,2001,253,4283,879,566,663,1131,1335,1089,1165,694,1449,525,450,1063,229,293,127,541,605,780,1766,669,910,560,1860,1510,1910,2480,2957,1900,1498,2819,395,696,718,514,1366,1071,1114,844,723,454,630,630,241,408,711,451,844,929,649,797,274,153,344,745,730,536,878,822,702,1103,1149,1236,1200,1009,787,835
2019/8/7,23,23,153,291,323,246,160,245,140,94,252,66,73,90,174,105,134,180,145,199,70,179,217,31,614,99,326,449,520,422,391,309,384,322,477,197,88,1044,770,851,763,92,1208,340,182,218,352,451,345,409,229,520,168,179,459,114,108,57,264,301,413,868,308,411,175,811,576,640,743,1044,740,583,990,140,236,265,172,511,390,428,331,246,190,308,299,103,107,223,164,320,287,310,262,83,51,140,239,292,178,356,319,292,487,415,398,425,471,348,376
2019/8/8,0,8,65,67,103,73,49,61,29,25,70,22,25,19,34,28,40,45,30,37,14,34,34,10,131,4,92,97,119,107,99,100,104,83,126,63,18,254,221,195,210,15,225,100,73,73,68,99,75,98,64,151,52,52,112,18,29,8,50,73,79,218,88,49,67,199,134,205,161,229,160,137,247,34,48,79,34,84,91,96,58,26,48,72,87,21,21,62,51,73,77,60,91,34,16,26,79,96,55,91,67,81,77,130,126,145,87,91,93
2019/8/8,1,0,0,0,0,0,0,0,0,0,0,0,0,0,0,0,0,0,0,2,0,2,1,0,4,0,4,7,4,10,8,0,0,0,0,0,0,0,5,6,9,0,0,0,0,0,0,0,0,0,0,1,0,0,2,0,2,0,2,1,5,45,10,3,5,11,2,6,0,0,0,0,0,0,0,0,0,0,0,2,0,0,0,0,0,0,0,0,0,0,0,2,11,2,0,0,0,0,0,0,0,1,0,0,0,0,0,5,9
2019/8/8,5,0,0,0,0,0,0,0,0,0,0,0,0,0,1,0,2,0,0,0,0,0,0,0,0,0,0,0,0,0,0,0,0,0,0,0,1,0,2,0,2,0,0,0,0,0,0,0,2,1,0,1,0,0,0,0,1,0,0,1,0,1,0,0,0,0,0,0,3,0,1,0,0,0,0,0,0,0,1,1,0,0,0,0,1,1,0,0,0,0,0,0,0,0,1,0,0,0,0,0,0,1,1,0,0,0,0,0,0
2019/8/8,6,264,157,562,478,387,133,120,36,31,162,9,54,28,124,166,170,170,62,85,29,52,56,70,359,19,131,121,192,284,151,70,294,180,360,384,164,246,167,226,88,639,2853,329,558,454,697,333,495,310,157,668,77,284,341,87,45,75,139,101,82,242,131,427,84,126,283,167,629,419,146,316,429,358,359,414,264,905,210,165,273,271,151,281,229,171,267,537,306,310,294,78,102,66,105,98,94,79,218,231,529,318,69,71,76,123,73,79,65
2019/8/8,7,393,921,3608,1687,1802,671,571,93,75,810,43,347,164,695,558,1064,1080,471,259,79,288,382,432,1663,84,317,421,835,1112,621,273,1211,1008,1715,1949,1071,906,520,866,322,2895,7439,1270,2004,2009,2158,1224,1725,1356,955,2426,206,1716,936,458,199,316,588,436,287,646,1170,941,282,440,1125,578,1834,1245,539,1064,1787,1798,1513,1917,990,3748,1150,663,1464,994,767,1478,1253,623,940,3321,1926,1870,1189,499,644,348,668,299,449,164,716,862,2318,1548,224,283,293,270,191,348,278
2019/8/8,8,814,3090,12625,4183,4930,2305,1616,205,112,844,118,285,371,738,1392,5991,5161,324,374,102,650,388,2183,5078,122,374,632,1454,2718,1121,517,2359,1995,4934,5481,2288,1161,941,1227,592,5684,12444,4450,4142,4625,2884,2227,2077,2282,816,2871,345,1518,1002,253,305,823,1702,388,677,832,939,961,398,588,1370,920,3531,1967,1596,1583,5991,5303,5399,5740,3983,11594,2189,1203,3144,1885,3034,6359,4106,1047,2221,14266,5756,5827,3574,853,361,442,1617,474,545,375,1507,3018,7773,3712,276,277,324,388,326,272,309
2019/8/8,9,444,1565,5346,3639,2679,1400,956,198,83,468,48,97,294,473,1075,4090,2859,195,272,99,420,212,815,3235,90,251,338,761,1929,589,332,1705,956,3259,2282,769,871,721,723,395,3354,7421,3140,2005,2059,1334,1303,1444,1127,609,1874,335,937,610,169,92,429,1282,294,372,738,231,530,233,496,1173,731,1638,1177,1101,1213,3244,2425,3104,3413,3045,6626,1583,953,1164,1244,1799,4855,2065,567,901,4563,2989,2974,2285,522,203,153,414,239,264,255,671,1434,3388,1748,185,174,223,241,227,182,156
2019/8/8,10,379,609,2095,3078,1308,562,424,174,62,407,23,97,395,296,689,834,642,118,296,54,204,178,228,991,101,237,271,471,753,433,215,1251,624,1621,1485,462,898,548,488,349,2165,6414,2444,1570,987,935,828,1456,997,550,1487,175,309,497,197,67,112,419,291,263,809,156,324,171,340,711,801,1535,953,720,1132,2881,1247,1757,2083,1539,3714,781,469,494,629,725,1729,975,352,651,2035,1187,1303,792,261,171,98,137,185,220,246,456,717,1530,1428,177,197,226,196,208,140,134
2019/8/8,11,355,473,1845,3182,987,483,335,150,65,369,32,88,539,263,628,414,416,126,246,48,148,164,197,525,104,249,228,507,597,528,257,1182,680,1399,1451,384,964,666,467,428,1561,7453,2691,1367,924,811,698,1428,879,363,1082,183,203,553,233,68,98,330,261,218,1074,152,276,143,456,588,857,1550,1065,718,1237,3418,1095,1542,1902,1300,3199,696,435,351,683,383,1897,809,295,566,1831,800,883,722,267,224,124,106,201,208,286,419,646,1226,1491,246,203,268,210,276,134,132
2019/8/8,12,375,567,1922,3558,1070,629,433,170,78,475,58,167,345,408,592,457,448,150,345,90,277,216,217,742,184,321,310,616,683,542,355,1460,792,1711,1589,427,1273,838,685,542,1416,8928,2787,1234,1016,1037,850,1414,997,462,1287,261,311,777,236,126,111,447,397,286,1375,190,385,191,505,684,985,1856,1367,942,1296,3915,1042,1785,1987,1309,3590,919,711,459,726,443,1801,751,344,635,1674,932,1136,939,388,329,130,113,234,362,414,424,679,1307,1629,326,354,377,275,359,207,169
2019/8/8,13,409,669,2057,3140,1375,710,485,174,102,523,43,114,387,403,601,502,531,191,358,90,331,294,171,821,158,338,396,645,733,583,310,1512,835,1850,1689,568,1244,885,791,628,2267,8977,2692,1317,1170,1084,915,1566,973,609,1543,233,297,702,261,130,187,524,366,329,1173,203,482,233,579,824,1171,1884,1314,874,1353,4454,1387,2001,2236,1361,3590,896,726,511,751,385,2066,904,376,648,1824,1176,1040,942,406,372,171,144,246,327,384,515,732,1215,1558,440,357,382,369,396,259,250
2019/8/8,14,304,463,1633,2804,1075,587,404,159,87,462,63,121,208,324,516,366,418,163,304,109,271,288,127,701,186,317,400,579,737,537,377,1118,712,1433,1497,562,1243,889,781,666,1548,7995,2511,1306,919,1097,828,1227,964,509,1272,234,263,631,301,129,97,394,373,264,1237,207,467,207,616,802,1043,1775,1263,906,1397,3887,984,1681,1969,1103,3297,810,697,484,693,385,1767,662,302,594,1570,874,937,823,282,319,160,112,221,307,379,419,731,1180,1331,324,305,401,349,343,238,202
2019/8/8,15,278,549,1338,2526,917,550,434,171,107,551,61,128,132,294,397,313,355,168,356,129,314,278,141,715,256,407,451,646,668,603,413,1040,827,1378,1227,370,1469,1035,985,746,1086,8257,2065,1127,841,1045,892,1164,833,534,1284,316,261,687,200,105,102,370,377,384,1107,259,492,271,788,824,1001,2005,1514,1015,1489,3683,747,1437,1625,986,2764,942,666,459,700,320,1485,751,298,567,1365,736,872,800,275,362,133,132,248,346,420,455,562,1040,1267,479,370,416,450,448,291,275
2019/8/8,16,270,566,1565,2605,1025,672,518,252,150,640,99,182,160,389,511,334,460,246,549,135,473,388,144,1038,173,496,641,830,863,771,537,1156,928,1602,1240,318,2073,1432,1322,1105,792,9989,2191,996,897,1311,1279,1254,1099,603,1442,419,337,963,282,205,95,498,486,410,1520,352,759,422,1081,1057,1422,2471,2050,1406,1727,4109,750,1487,1683,990,2887,982,844,570,1012,361,1421,676,332,601,1501,767,1088,1018,349,590,197,136,334,430,528,583,709,1035,1355,703,523,686,635,638,388,403
2019/8/8,17,351,1000,2212,3529,1472,966,915,374,262,1052,200,269,207,620,755,505,693,410,872,228,721,723,233,1653,297,852,1074,1529,1482,1297,988,1901,1451,2506,1551,398,3874,2749,2413,2134,955,14896,2940,1285,1258,2166,2088,1932,1871,858,2067,612,504,1408,255,273,168,704,688,707,1958,498,1183,571,2084,1884,2649,4002,3779,2569,2360,5413,1275,1801,2329,1380,3883,1612,1369,952,1877,623,1830,1224,504,812,1757,1151,1534,1952,683,1057,408,208,592,969,967,786,1095,1501,1973,1493,1203,1200,1214,1182,818,766
2019/8/8,18,480,1700,3316,4976,2245,1672,1560,692,534,2293,353,520,473,1133,1275,947,1215,705,1598,507,1441,1533,449,3217,495,1393,1870,2322,2768,2280,1461,2439,1995,3696,2051,643,6704,5206,4461,3737,965,17370,4233,1789,1927,2918,2977,2834,2785,1502,3263,1030,915,2269,472,474,200,884,1312,1185,3366,931,1858,1103,3889,3442,4426,6765,7199,4571,3505,7110,1533,2511,3252,2078,5479,2604,2375,1452,2821,924,2215,1715,674,1218,2743,1697,2205,3298,1433,1908,727,357,1022,1781,1603,1276,1748,2056,2757,2513,2192,2606,2258,2177,1576,1757
2019/8/8,19,268,1076,1890,3298,1413,1137,1138,538,445,1753,326,475,358,689,783,657,827,542,1150,344,1006,1151,276,2403,454,1215,1613,1885,1890,1587,1343,1972,1508,2550,1317,373,5114,3973,3798,3410,465,10931,2932,1148,1358,1882,2290,1987,2321,1213,2541,903,726,2008,396,400,206,764,1113,1330,3693,886,1660,957,3248,2931,3447,5253,5500,3288,2504,5304,764,1719,2049,1275,3626,1867,1642,1061,1899,511,1347,1192,431,768,1644,1035,1436,2012,1240,1707,507,259,710,1236,1258,924,1350,1344,1615,2227,2017,1874,1931,1726,1511,1343
2019/8/8,20,156,523,954,1628,747,623,630,305,237,892,182,250,223,373,371,291,448,309,594,233,521,531,146,1364,175,696,970,1140,1078,1116,758,981,933,1350,675,220,2786,2023,2039,1797,306,9768,1428,671,739,1163,1586,1141,1042,620,1467,573,425,1059,225,258,118,473,708,798,2102,568,996,531,1667,1516,1883,3039,2926,1920,1624,3481,440,976,1128,636,2171,1137,1069,704,1465,336,688,627,245,449,871,447,772,1149,618,818,246,140,355,656,665,534,797,736,898,1041,975,1073,920,875,769,759
2019/8/8,21,129,523,954,1080,748,549,553,335,221,773,155,241,171,390,311,296,391,287,501,179,449,473,77,1307,157,717,820,1036,1029,947,722,857,844,1317,557,237,2706,1938,1854,1618,207,7642,1006,622,698,1011,1233,928,975,591,1259,441,393,849,189,215,126,404,548,727,1495,518,758,462,1605,1356,1596,2560,2498,1674,1470,3156,460,738,816,518,1699,1050,1148,687,1178,312,553,632,315,383,739,498,791,993,552,556,178,126,332,610,570,541,826,824,793,953,780,878,913,1023,647,581
2019/8/8,22,78,460,633,683,501,404,431,283,188,574,104,185,167,281,223,243,333,214,408,154,376,473,61,1186,175,610,761,820,937,761,517,743,555,888,384,136,2113,1655,1544,1592,179,3880,595,525,526,831,950,741,757,490,967,368,292,818,184,181,89,363,414,621,1438,436,715,434,1455,1186,1541,1856,2260,1651,1257,2258,305,520,628,374,1030,883,820,577,573,270,390,507,196,267,512,282,620,708,520,587,197,112,258,574,624,418,672,630,555,845,847,936,840,828,585,632
2019/8/8,23,18,115,214,237,179,120,129,97,68,165,40,72,52,138,79,86,116,84,150,45,119,136,15,423,63,229,344,387,317,282,231,238,204,349,143,52,749,589,579,592,72,940,224,165,187,186,319,272,266,148,365,126,107,286,72,82,39,159,198,284,652,218,235,198,592,442,527,515,789,510,390,796,85,177,227,100,346,266,291,234,152,106,189,246,61,84,206,118,251,189,217,209,75,38,116,198,227,173,297,229,210,350,259,287,288,388,300,268
2019/8/9,0,8,84,143,119,94,79,112,49,29,107,19,32,30,60,35,61,86,62,69,20,52,52,4,279,10,114,142,176,170,168,114,160,116,164,73,24,372,305,283,300,21,284,144,104,96,126,149,122,189,116,215,86,66,130,31,57,35,102,138,85,295,123,69,78,273,200,272,225,351,269,217,506,41,66,166,70,149,143,143,75,57,50,166,150,42,55,100,65,140,111,107,132,52,22,79,121,131,87,112,106,113,143,192,163,170,187,138,120
2019/8/9,1,0,0,0,0,0,0,0,0,0,0,0,0,0,0,0,0,0,0,4,1,5,4,0,13,0,4,12,7,10,8,0,0,0,0,0,0,0,11,7,10,0,0,0,0,0,0,0,0,0,0,0,0,0,10,0,1,0,2,10,2,64,8,4,6,8,2,8,1,0,0,0,0,0,0,0,0,0,0,0,3,0,4,1,0,0,0,0,0,0,0,10,13,1,0,0,0,0,0,0,0,0,1,0,0,0,0,7,13
2019/8/9,5,0,0,0,0,0,1,0,0,0,0,0,0,0,0,0,0,0,0,0,0,0,0,0,0,0,0,0,1,1,0,0,0,0,2,0,2,0,0,0,1,0,0,0,0,0,0,0,0,1,0,0,0,0,0,0,0,0,0,0,0,0,0,0,0,1,0,1,0,0,0,0,1,0,0,1,0,0,0,1,0,0,0,0,0,0,0,0,0,0,0,0,0,0,0,0,0,0,0,0,0,0,0,0,0,1,0,0,0
2019/8/9,6,41,38,119,196,79,21,33,19,6,40,5,11,4,28,46,21,33,8,18,3,16,14,12,68,10,44,33,56,56,46,28,83,49,100,93,25,86,46,61,34,167,687,118,184,109,85,65,81,58,27,144,18,26,66,7,15,14,24,30,13,68,27,94,42,56,88,56,140,116,87,128,130,110,114,130,65,189,47,51,44,67,45,74,62,31,66,120,102,100,94,14,18,15,25,26,30,38,48,89,161,80,23,29,22,44,35,39,22
2019/8/9,7,95,81,230,269,111,41,42,25,12,107,4,9,13,23,48,51,41,19,39,10,35,29,16,131,12,45,41,67,148,71,34,122,80,126,116,47,138,70,115,95,357,1068,208,407,196,130,90,135,117,71,252,23,93,80,27,24,44,72,110,37,108,74,179,49,84,241,115,189,201,100,212,290,256,158,211,88,275,76,83,88,112,43,179,86,39,115,182,262,140,150,36,34,41,35,36,62,59,74,147,185,136,48,49,48,47,57,44,35
2019/8/9,8,82,94,484,333,153,55,74,20,13,86,13,23,13,51,88,66,61,21,42,15,32,32,20,144,12,79,49,67,124,102,64,123,117,190,207,55,220,122,105,127,509,1517,296,509,226,171,136,250,134,58,237,37,91,123,34,28,45,65,75,68,134,52,124,51,101,194,167,248,249,112,309,471,366,234,260,149,408,111,83,90,127,89,163,141,47,146,390,335,212,205,52,43,34,39,67,56,75,109,166,273,257,50,57,54,78,72,49,47
2019/8/9,9,53,95,418,831,184,65,88,32,17,98,5,22,30,47,89,74,56,27,55,16,46,29,29,154,16,120,75,155,146,128,88,198,140,261,371,64,265,165,158,143,545,2129,404,423,215,223,152,359,307,120,351,55,128,209,54,19,34,94,121,53,264,80,175,63,130,195,208,429,279,181,469,781,377,242,381,257,374,187,118,87,176,66,303,150,80,212,426,220,221,229,37,73,54,35,72,61,81,112,207,298,446,66,61,94,69,78,70,54
2019/8/9,10,89,108,404,1575,249,114,99,45,15,79,7,23,53,64,117,74,70,33,67,10,26,27,14,158,46,105,69,130,158,195,100,306,155,272,462,65,333,160,166,126,675,2736,590,536,294,222,157,446,460,111,340,46,88,152,87,19,37,83,119,67,395,68,137,64,151,223,255,672,322,205,578,1179,379,331,498,275,728,208,118,109,209,94,643,173,117,230,375,224,229,202,60,87,27,53,90,82,122,136,210,313,515,79,65,93,70,93,68,69
2019/8/9,11,89,99,418,1487,276,101,69,46,19,82,13,24,31,51,218,68,49,35,62,14,65,48,53,142,63,109,101,192,151,179,111,430,188,261,549,74,345,209,169,175,432,4652,1025,466,300,279,168,400,321,121,295,43,74,141,90,36,23,85,121,64,389,60,102,67,149,218,334,748,432,236,604,1750,324,380,705,379,1362,215,165,100,240,102,976,229,205,309,544,234,290,234,65,56,46,37,102,73,135,175,258,409,835,94,85,78,96,119,61,58
2019/8/9,12,113,166,579,1838,329,126,91,45,24,116,13,24,31,52,298,113,84,54,80,31,45,53,31,215,67,110,102,188,246,220,129,540,225,377,597,81,368,283,190,200,359,5560,1240,548,385,268,193,434,309,123,346,79,107,180,183,40,23,109,117,76,547,79,171,78,158,240,408,985,462,270,681,2311,267,568,788,432,2160,205,214,107,351,197,1368,206,168,354,535,240,302,372,100,91,49,26,102,93,178,200,338,420,815,110,105,128,123,155,91,78
2019/8/9,13,114,182,682,2052,383,202,130,66,19,148,21,32,42,87,569,112,122,48,132,23,60,77,51,258,119,171,130,221,269,211,142,572,245,459,493,98,505,299,251,230,590,6681,2371,557,427,355,309,410,464,169,372,83,110,211,168,48,27,129,123,90,606,81,249,102,211,288,561,1171,514,326,807,2757,358,918,1005,460,3622,341,245,123,670,177,1923,301,126,336,642,354,394,478,83,87,86,75,120,122,192,236,367,504,835,146,124,142,138,156,89,100
2019/8/9,14,113,186,748,2201,414,164,179,87,32,133,18,48,41,135,450,105,132,40,150,30,70,74,76,328,184,164,139,235,273,304,197,595,374,520,483,120,606,366,329,329,607,6444,1863,698,502,348,348,396,414,159,486,84,105,216,129,40,29,118,119,141,649,106,259,90,250,309,602,1226,693,451,906,3076,405,915,1177,512,2762,337,319,165,701,250,1852,299,161,437,668,349,409,338,125,130,104,64,113,124,256,213,376,536,798,162,124,194,170,173,116,167
2019/8/9,15,138,227,723,1933,403,229,147,63,53,175,22,56,60,104,445,118,138,67,164,50,91,112,98,343,234,229,173,322,311,345,212,702,389,548,564,111,745,523,416,377,540,6807,1828,545,497,425,438,444,459,228,536,111,115,308,170,61,38,177,184,207,670,129,252,116,365,360,601,1587,732,457,1145,3551,406,1095,1040,439,3039,414,337,197,794,146,1772,346,168,412,701,413,420,440,168,153,111,76,154,181,296,280,391,626,746,177,196,242,208,236,127,124
2019/8/9,16,146,297,812,2295,483,208,167,115,52,219,32,36,46,121,523,118,157,95,208,63,139,122,75,382,272,289,270,412,408,437,252,973,406,613,712,108,840,553,546,501,341,6436,2130,704,543,541,787,644,586,198,612,157,173,366,176,70,46,203,182,247,992,159,377,159,447,473,900,1553,1040,708,1132,4310,338,1222,1373,557,2956,559,458,240,820,312,1703,395,190,380,709,487,439,546,230,230,139,90,159,206,337,327,468,653,860,219,246,364,270,296,177,159
2019/8/9,17,86,305,1124,2885,649,335,306,130,84,294,43,76,61,187,722,188,208,122,291,79,146,184,142,465,249,398,322,553,589,639,342,1360,695,933,604,183,1233,862,671,696,309,7258,2729,810,678,718,1347,815,831,324,822,200,180,560,191,115,58,236,275,222,1271,231,304,308,658,528,920,2017,1334,857,1475,4968,438,1290,1678,835,3653,693,583,310,995,347,1920,593,264,468,1194,682,686,917,243,264,178,73,234,225,407,369,699,879,1118,329,338,444,314,394,213,237
2019/8/9,18,75,418,1384,3271,802,397,395,161,82,366,52,118,40,267,663,200,244,135,322,102,223,232,231,593,277,452,399,672,744,748,441,1384,696,1062,628,187,1523,1038,812,840,314,6825,2900,1042,998,636,1728,981,925,355,967,254,213,530,173,131,72,241,253,276,1011,227,374,220,726,719,1161,1977,1502,1142,1328,5032,569,1242,2268,1025,3118,745,788,409,868,382,2005,751,249,390,1299,694,739,1034,291,340,163,94,204,352,529,353,770,919,1248,406,411,486,405,459,254,255
2019/8/9,19,70,400,958,2038,625,324,365,154,100,330,60,99,60,211,403,179,261,175,317,92,214,229,105,480,177,388,457,543,603,716,415,1112,710,945,547,177,1430,880,781,828,261,5072,2159,664,544,555,1762,838,681,338,726,240,230,506,157,102,44,303,292,255,754,277,330,286,740,595,1005,1607,1418,882,1255,4337,391,992,1555,811,2473,673,617,404,749,242,1276,639,221,335,906,478,567,947,319,297,137,86,205,281,500,348,692,737,892,411,417,454,386,382,259,281
2019/8/9,20,60,293,635,1452,450,280,277,186,106,271,73,92,66,184,260,145,258,164,332,82,228,235,59,625,132,379,446,604,571,560,455,789,684,908,485,145,1206,959,792,854,210,3741,1314,539,445,525,1521,785,542,291,724,259,172,541,125,131,52,191,261,196,594,262,373,187,703,614,918,1210,1188,942,973,3284,335,678,1163,524,1393,577,686,378,502,278,766,552,214,251,631,351,514,792,238,290,105,61,194,267,403,308,579,538,689,414,351,388,440,438,216,279
2019/8/9,21,74,326,644,878,464,341,326,190,103,363,88,129,106,242,196,189,311,236,324,127,297,319,53,711,131,407,496,679,660,615,489,719,581,815,431,123,1550,1121,952,1038,171,3428,914,403,520,637,1197,601,605,383,800,247,259,575,135,143,62,268,246,256,735,337,366,327,956,633,911,1309,1391,903,1084,3280,368,628,853,405,1309,785,676,444,516,261,568,523,256,278,582,323,530,665,245,338,124,86,202,323,432,371,690,570,670,480,426,508,430,527,286,294
2019/8/9,22,62,402,659,683,487,331,301,176,154,374,83,112,93,256,169,224,307,181,391,138,242,333,50,966,110,453,556,625,632,587,458,607,578,820,355,129,1667,1164,1198,1188,166,3011,791,492,491,632,901,569,568,311,828,296,232,514,92,183,55,250,242,348,806,319,467,253,1017,856,1150,1270,1658,1216,936,2523,323,499,818,370,967,627,763,496,482,314,478,446,166,244,526,292,474,553,287,407,134,72,203,359,439,373,667,538,487,557,518,626,624,618,363,331
2019/8/9,23,33,162,335,367,265,118,231,138,88,237,48,51,76,140,96,102,162,133,219,77,152,208,38,585,77,266,379,401,449,355,249,344,307,424,196,63,1017,713,725,736,103,1314,361,177,227,338,516,307,401,198,451,189,164,390,113,75,35,187,245,281,651,270,247,197,710,512,684,715,1024,649,565,1358,105,264,379,146,522,376,387,289,242,168,397,298,108,132,276,184,309,226,269,259,71,58,121,329,343,204,324,320,249,483,497,548,371,405,305,351
2019/8/10,0,12,104,183,180,151,88,104,59,52,144,34,34,32,61,53,94,99,64,116,39,94,78,16,391,17,142,195,225,203,205,174,216,143,205,108,28,426,399,351,391,33,348,229,133,122,187,222,177,283,135,286,95,106,216,36,52,29,92,158,168,421,152,115,121,352,295,389,340,449,306,271,586,51,147,209,93,192,187,172,121,85,91,200,171,54,51,110,104,179,144,139,186,66,41,76,166,141,122,149,119,139,200,219,223,218,210,184,173
2019/8/10,1,0,0,0,0,0,0,0,0,0,0,0,1,0,0,0,0,0,0,3,2,8,6,0,22,0,8,9,9,11,8,0,0,0,0,0,0,16,9,10,9,0,0,0,0,0,0,0,0,0,0,1,0,0,12,0,4,4,4,7,18,69,7,7,10,5,4,8,3,0,0,0,0,0,0,0,0,0,0,9,2,1,2,0,0,0,0,0,0,0,0,6,14,2,0,0,1,0,0,0,0,0,0,0,0,0,0,12,12
2019/8/10,5,0,0,0,0,0,0,0,0,0,0,0,0,0,0,0,0,0,0,0,0,0,0,0,1,0,0,0,0,0,0,0,2,0,0,1,0,0,1,2,0,0,2,0,0,0,0,0,4,1,0,1,0,0,0,0,0,0,0,0,1,1,0,0,0,1,0,0,0,0,0,0,1,0,0,0,0,0,1,0,1,0,0,0,0,0,0,0,0,0,0,0,0,0,0,0,0,0,0,1,0,0,0,0,0,0,0,0,0
2019/8/10,6,211,105,236,337,183,102,64,28,19,97,11,45,36,53,97,92,90,28,43,39,24,46,30,190,19,138,91,122,157,148,38,463,156,199,194,62,144,85,151,118,237,3432,218,346,271,370,334,245,154,107,431,47,683,228,50,37,39,90,68,104,201,81,489,118,87,204,137,518,308,129,320,287,297,310,215,207,497,110,152,134,212,82,137,98,95,201,198,199,169,194,41,56,40,84,87,70,59,145,163,291,154,74,52,78,94,63,64,45
2019/8/10,7,254,197,527,621,785,238,218,86,53,375,24,109,93,208,205,135,206,110,150,74,104,136,62,447,69,257,154,251,404,926,133,1232,379,590,652,184,446,276,470,266,702,5943,488,765,459,667,646,678,409,343,1610,102,859,397,159,88,124,289,259,364,345,185,627,268,250,513,312,998,571,331,550,867,789,639,496,310,1106,273,683,332,368,225,526,287,218,270,466,430,355,369,149,152,90,119,137,140,109,461,302,473,471,145,115,136,158,150,142,121
2019/8/10,8,285,422,1273,1291,1347,639,232,250,69,652,36,126,324,390,448,325,458,112,286,120,166,198,81,613,116,416,239,403,650,934,269,2722,1012,1588,1365,403,763,547,574,370,1296,10006,1065,1227,767,1022,1101,1268,655,481,1972,156,352,617,289,130,125,540,312,535,701,173,604,374,332,695,682,1471,956,628,874,2248,1510,1244,952,763,1695,544,753,284,474,381,887,533,396,480,949,756,725,534,471,268,194,135,213,227,250,485,514,922,1477,221,186,188,259,177,154,111
2019/8/10,9,359,530,1569,2508,1337,678,334,329,95,561,40,148,654,421,613,315,379,220,303,138,206,233,101,725,118,587,301,460,620,622,378,3842,1188,1934,2032,349,1014,712,582,447,1297,9783,1924,1628,1056,1343,1201,1825,987,526,1279,195,313,707,293,135,117,557,366,525,844,163,634,337,417,809,978,1652,1200,835,1319,2833,1530,1644,1740,1403,2780,777,576,324,671,396,1538,823,580,663,1313,1036,1058,670,284,314,124,160,292,253,352,565,680,1087,1575,307,257,258,253,267,199,193
2019/8/10,10,459,469,1578,3778,1172,541,428,332,100,493,60,165,1254,349,840,329,344,232,342,169,179,239,174,630,157,478,308,505,676,689,348,3257,1060,1570,1831,267,1189,770,636,521,1083,10071,2947,1933,1037,1468,1279,2033,1147,579,1285,228,322,789,415,102,115,604,493,586,1556,243,553,329,510,795,1138,2286,1232,803,1571,3952,1434,2101,2204,1651,4319,802,544,305,892,463,2294,723,561,731,1442,857,1069,766,283,270,158,104,394,249,348,573,711,1252,1654,334,260,332,296,337,208,210
2019/8/10,11,429,697,2095,4706,1159,577,482,267,85,453,56,170,1317,371,1188,368,310,195,378,143,224,265,287,728,262,414,398,617,833,684,410,3153,1123,1850,1908,253,1244,918,678,616,916,11096,4283,1664,1113,1521,1238,2128,1357,460,1174,240,320,777,472,128,89,448,426,546,2591,234,550,254,576,690,1456,2556,1591,938,1730,5826,1444,2548,3121,1936,5058,835,674,338,988,488,2534,922,590,871,1998,1070,1149,878,288,334,205,124,351,296,464,600,873,1473,2026,407,298,442,295,318,268,232
2019/8/10,12,492,882,2136,4841,1355,772,498,246,98,446,66,162,970,442,888,329,365,237,448,115,280,288,258,795,223,493,422,782,921,725,462,3251,1357,2479,1944,363,1454,1133,841,753,994,12628,4501,1389,1381,1604,1319,2059,1397,482,1226,281,358,763,504,141,81,473,420,522,2513,279,512,313,684,662,1691,2989,1744,1192,1883,6392,1484,2928,2882,2010,5247,893,731,381,1134,450,2803,948,623,1007,2090,1129,1226,1017,314,403,202,144,365,374,473,764,903,1520,2089,446,353,486,350,460,267,272
2019/8/10,13,390,762,2381,4744,1430,763,556,340,108,504,82,213,1076,489,1000,334,453,337,469,220,319,403,269,830,302,554,486,766,1021,769,506,3191,1398,2440,2539,383,1552,1214,976,915,1404,13105,4556,1429,1420,2076,1343,1964,1330,492,1205,319,623,844,456,179,111,463,506,574,2633,303,702,326,694,868,1857,2808,1767,1212,1992,7317,1506,3654,3098,1875,5552,878,890,518,1132,552,2760,942,733,1154,1859,1324,1348,1218,386,464,227,134,370,464,497,719,937,1532,2056,481,438,544,465,492,334,328
2019/8/10,14,433,582,1903,4405,1142,667,521,315,123,424,88,197,923,376,1022,326,404,284,446,185,310,317,223,843,419,589,504,745,818,743,526,2508,1289,1771,2182,346,1648,1196,982,848,881,12316,4161,1369,1222,1909,1523,1974,1577,475,1341,377,641,807,500,159,79,543,405,642,2514,313,649,353,877,754,1725,2800,1858,1193,2301,7122,1147,3702,2943,1861,5669,1021,905,530,1156,543,2707,880,723,1121,1617,1285,1115,1038,373,473,268,157,414,357,558,630,871,1426,1680,551,437,541,441,454,332,333
2019/8/10,15,431,652,1544,4176,1004,575,414,319,163,416,74,189,795,380,860,273,404,222,451,159,322,402,192,919,354,690,503,824,831,889,505,2100,1221,1514,1619,337,1889,1198,1124,877,730,11957,3867,1133,1150,2080,1604,1701,1827,511,1326,353,418,890,521,153,76,468,442,654,2733,283,781,292,824,885,1588,2890,1753,1249,2252,7046,947,3306,2775,1550,5356,1166,1020,501,1033,653,2481,886,727,1145,1429,1113,1118,1196,394,457,274,122,368,428,603,596,889,1389,1665,596,608,635,536,537,435,348
2019/8/10,16,470,765,1746,4425,1129,640,561,271,244,564,107,195,627,414,1030,323,428,291,543,198,395,408,192,1102,317,673,558,920,975,939,553,2323,1221,1688,1570,320,2247,1585,1229,1178,655,13485,4003,1225,1294,2466,2069,1898,1879,610,1441,402,445,1035,491,208,111,546,553,642,3278,396,882,439,1188,1049,1996,3331,2441,1419,2431,7750,884,2862,2800,1621,5440,1169,1149,578,1318,659,2792,948,736,1109,1410,1184,1214,1383,450,605,298,153,393,481,601,646,947,1409,1827,749,648,726,643,718,528,466
2019/8/10,17,332,870,2753,4974,1492,792,775,329,288,748,121,249,667,484,1486,478,539,324,712,282,536,580,274,1411,510,906,865,1384,1455,1390,751,3002,1744,2306,2027,438,3285,2202,1838,1562,895,15791,5216,1607,1467,2888,3151,2314,2150,670,1899,487,471,1323,513,215,112,658,706,755,3833,609,1128,563,1811,1398,3025,4509,3347,2191,3025,8971,1209,2728,3649,2075,6294,1345,1379,729,1616,977,2911,1551,725,1092,2140,1869,1492,2050,642,853,341,200,546,681,930,788,1103,1885,2340,1019,980,1164,987,982,673,701
2019/8/10,18,237,825,2238,4199,1499,625,763,296,216,693,154,218,507,464,1155,433,489,350,674,246,540,557,270,1399,359,985,854,1253,1398,1464,701,2416,1608,2009,1946,358,3342,2212,1732,1665,594,12589,4292,1710,1571,2253,3952,2015,1888,631,1878,487,469,1275,367,259,148,614,733,665,3304,563,1123,533,1656,1407,2720,3879,2999,2059,2626,8223,963,2245,3475,1870,5355,1355,1325,803,1455,803,2822,1426,533,840,2026,2503,1258,2458,698,858,319,191,472,583,961,782,1166,1638,2063,1046,1004,1175,1035,1049,701,671
2019/8/10,19,188,621,1486,2870,913,537,542,270,167,584,124,207,212,348,686,356,373,286,626,189,391,531,199,1291,254,834,793,1105,1104,1219,627,1919,1346,1419,1143,222,2497,1824,1547,1649,449,9119,3151,1206,1041,1716,4074,1802,1291,637,1565,498,386,1120,352,202,112,587,555,680,2171,472,965,461,1408,1279,2170,2960,2497,1534,1980,6195,542,1523,2327,1249,3588,991,1121,695,1149,544,1783,1293,355,640,1249,1354,1089,2230,526,692,262,167,400,497,858,627,1010,1067,1482,881,885,827,874,898,603,574
2019/8/10,20,146,554,1100,1934,801,487,562,252,163,649,135,193,137,382,425,297,472,298,606,196,486,593,116,1335,284,762,828,1058,1063,1013,735,1545,1147,1346,799,243,2380,1871,1632,1534,343,8276,2117,946,927,1427,3117,1439,1076,613,1481,500,477,1054,251,268,130,608,621,793,1745,583,920,478,1637,1187,1895,2628,2364,1580,1696,5134,513,1043,1630,802,2603,866,1108,656,1051,555,1459,973,358,491,970,648,920,1625,483,664,220,156,391,506,783,517,912,889,1213,924,762,863,801,896,612,529
2019/8/10,21,164,652,1176,1636,824,509,650,312,216,747,152,246,178,441,377,314,543,375,665,222,600,565,124,1710,206,855,998,1244,1054,1194,931,1279,1154,1633,751,252,2957,2074,2186,1885,268,8008,1721,941,939,1491,2339,1398,1288,756,1633,572,444,1200,247,280,122,610,619,818,1711,608,1092,619,1810,1526,2062,2776,2822,1921,1785,5003,499,1007,1365,708,2241,1105,1163,901,958,622,1007,903,454,484,1006,641,1014,1461,572,751,259,171,402,637,814,609,1025,1036,1070,986,942,1050,1060,1007,708,780
2019/8/10,22,109,619,938,1116,799,514,521,300,205,708,172,223,231,380,312,298,470,300,582,199,525,598,81,1681,181,788,1040,1132,1228,1046,748,1053,790,1212,623,188,2714,2123,2030,1850,279,5792,1122,751,892,1317,1732,1071,1188,585,1533,573,432,1077,226,280,138,571,643,795,1695,686,989,565,1850,1511,1986,2659,2877,1920,1665,3732,462,775,1130,627,1636,995,1188,813,807,534,765,854,360,499,835,549,964,1082,674,842,324,166,372,751,893,557,1020,820,788,1160,1084,1247,1022,1028,890,763
2019/8/10,23,45,237,496,438,351,200,281,149,111,325,66,103,98,184,130,124,223,148,284,96,226,271,51,789,99,393,656,698,547,563,390,452,342,625,315,83,1322,927,1026,1034,101,2054,494,329,360,466,639,442,537,319,655,257,229,574,130,146,59,309,376,487,1119,423,534,303,1080,736,933,1027,1244,972,748,1736,187,331,567,255,649,413,493,336,363,245,511,436,145,194,412,266,478,640,396,441,151,93,209,380,370,300,502,459,365,627,620,593,543,582,546,498
2019/8/11,0,5,85,105,102,88,38,76,36,33,108,22,32,20,41,42,46,52,46,70,13,64,65,9,219,18,84,119,141,151,141,102,143,85,147,71,17,302,293,223,282,31,276,148,80,78,97,148,122,167,94,189,72,57,129,18,28,16,64,105,136,336,117,48,65,237,179,262,180,296,191,202,423,55,92,70,53,131,126,138,75,44,56,143,96,30,44,65,52,123,90,87,132,38,22,40,99,110,53,128,102,86,111,150,145,156,135,130,113
2019/8/11,1,0,0,0,0,0,0,0,0,0,0,0,0,0,0,0,0,0,0,4,2,4,3,0,7,0,6,5,9,9,10,0,0,0,0,0,0,1,5,11,12,0,0,0,0,0,0,0,0,0,0,0,0,1,11,0,7,1,3,7,6,43,7,8,7,5,8,9,1,0,0,0,0,0,0,0,0,0,0,1,5,1,4,0,0,0,0,0,0,0,0,4,8,2,0,0,0,0,0,0,0,0,0,0,0,0,0,7,11
2019/8/11,5,0,0,0,0,0,0,0,1,0,0,0,0,0,1,1,0,0,0,0,0,1,0,0,1,0,0,0,0,0,1,0,0,0,1,2,0,0,0,0,0,0,0,1,0,1,1,0,2,2,0,1,0,0,0,0,0,0,0,0,0,0,0,0,0,0,0,0,0,2,0,1,0,0,0,0,0,1,0,0,0,0,0,0,0,0,0,0,0,0,0,0,0,0,0,0,0,0,0,0,0,0,0,0,0,1,0,0,1
2019/8/11,6,236,79,196,287,159,76,48,28,19,61,12,62,37,44,128,99,76,22,45,45,38,37,21,634,12,186,77,100,106,163,42,238,141,199,302,55,171,74,163,96,199,3899,205,266,269,331,457,204,135,65,344,50,42,220,50,27,30,76,60,88,252,76,537,118,99,150,120,436,247,140,290,254,226,218,181,141,418,121,135,128,183,114,109,92,397,144,183,181,123,149,56,59,33,37,113,52,65,133,130,228,185,68,89,59,87,74,66,40
2019/8/11,7,236,152,398,512,785,191,131,89,76,171,19,104,137,173,192,133,125,69,145,102,76,80,33,2724,74,303,102,235,357,696,92,694,448,379,500,125,410,194,438,267,455,5249,380,451,590,831,993,582,296,134,1178,92,102,424,131,61,71,244,153,281,353,184,680,209,204,292,320,719,523,236,477,710,501,484,384,238,690,239,262,241,276,198,351,221,350,249,368,280,284,329,83,160,74,94,190,117,107,478,257,357,420,125,115,94,143,95,158,97
2019/8/11,8,342,256,1051,861,1364,413,145,241,66,286,37,123,379,419,348,242,257,66,269,235,126,129,59,3829,153,422,208,290,476,883,185,1920,901,1168,1120,271,678,374,390,300,1087,9136,795,699,981,1269,1279,1051,555,210,1577,128,206,626,218,136,67,318,219,453,727,160,725,340,265,445,742,1089,714,407,842,1935,1529,1096,780,682,1167,427,458,243,385,428,716,338,469,459,635,599,487,454,169,183,126,101,309,161,179,323,433,583,1005,166,163,184,162,121,154,135
2019/8/11,9,323,332,1143,1932,958,493,226,387,138,300,65,109,1098,372,687,270,294,136,293,133,136,180,132,655,137,479,244,385,463,586,322,3059,1173,1434,1655,287,919,505,447,408,967,8865,1675,860,1117,1317,1302,1638,918,281,977,166,194,748,314,86,69,422,272,621,1075,164,581,341,332,462,937,1300,861,603,1247,2502,1332,1750,1386,1082,2160,599,555,313,530,457,1173,523,651,552,1003,868,757,578,204,262,100,125,269,204,251,423,539,849,1271,322,182,220,179,191,194,172
2019/8/11,10,401,406,1144,2936,773,469,251,321,81,241,49,138,1677,326,851,292,259,136,316,201,163,196,165,533,278,549,216,401,470,690,274,2777,1054,1236,1864,205,945,594,507,495,835,9021,2657,1114,1139,1384,1438,2106,1277,352,1009,192,206,658,422,80,77,470,309,619,2010,205,545,241,346,417,1096,1906,1041,616,1608,3921,1502,2322,1672,1528,3872,654,485,292,672,476,1999,476,611,725,1225,715,895,617,252,242,135,118,366,170,284,474,580,948,1496,267,209,241,197,256,233,231
2019/8/11,11,363,487,1819,4170,826,507,354,267,69,304,33,143,1321,308,1213,328,231,141,315,141,154,192,338,656,339,554,299,503,650,579,334,3183,969,1263,1876,262,1157,734,578,466,772,10548,3951,1262,1220,1533,1289,1731,1670,305,1061,211,218,717,441,106,84,367,321,617,2802,158,463,256,384,493,1341,2216,1249,774,1589,5300,1291,2446,2583,1826,4832,689,550,303,1028,580,2701,780,592,782,1591,1173,1039,775,338,313,161,99,323,270,370,621,811,1403,1923,327,251,441,268,282,238,223
2019/8/11,12,359,530,1464,4002,1034,569,392,215,77,331,54,158,1135,385,822,298,278,174,341,111,211,304,207,530,269,519,366,646,738,556,404,2780,1121,1514,1909,256,1289,935,704,632,674,11441,3976,1126,1308,1481,1174,1685,1658,349,1107,259,265,660,409,113,84,406,328,548,2598,227,357,264,601,547,1466,2255,1381,953,1604,5828,1074,2555,2415,1653,4731,687,778,297,952,457,2830,739,564,844,1526,881,1044,927,327,324,216,63,284,276,404,517,685,1381,1863,386,325,410,357,345,273,224
2019/8/11,13,496,665,1649,4081,1201,610,464,289,80,371,72,140,978,481,950,373,373,227,498,190,353,358,307,715,277,592,471,687,746,655,457,2657,1125,1772,2346,332,1488,963,872,745,1030,12967,3658,1126,1323,1671,1295,1876,1721,392,1113,285,345,757,433,148,159,499,331,646,2691,281,555,243,563,678,1556,2601,1606,1046,1887,6893,1366,3080,2524,1690,5326,888,954,437,1650,441,2673,682,760,1014,1455,985,1055,1015,266,425,235,120,292,357,462,602,770,1190,1898,412,351,460,413,417,286,315
2019/8/11,14,408,604,1343,3537,1067,544,478,334,107,466,62,170,889,376,834,275,352,206,416,192,308,267,194,824,412,615,562,730,738,804,511,2426,1041,1295,2232,289,1510,1081,915,879,771,12374,3753,1111,1297,1952,1539,1694,1775,457,1189,317,291,770,445,177,127,522,361,597,2891,328,608,367,845,725,1563,2769,1592,1114,2083,6725,1155,3152,2446,1691,5113,874,900,462,1073,467,2886,735,850,960,1194,933,1030,1023,339,429,247,134,321,376,552,584,749,1219,1741,529,447,577,448,451,364,285
2019/8/11,15,366,576,1219,3365,856,530,398,322,97,481,70,186,585,307,776,286,428,211,403,224,292,388,175,842,316,718,520,807,754,787,494,2022,975,1312,1879,255,1557,1178,1060,980,598,12871,3377,1019,1239,2091,1425,1516,2051,469,1332,321,290,760,437,140,73,455,444,733,3089,345,758,326,768,889,1384,2770,1735,1218,2079,6493,884,2768,2276,1240,4502,967,952,468,1201,588,2364,754,833,828,1045,919,917,1097,409,461,221,118,327,373,509,541,769,1249,1509,596,519,590,530,532,376,336
2019/8/11,16,458,652,1359,3397,891,556,538,270,143,517,110,220,361,394,771,272,394,254,456,272,375,365,201,986,406,688,638,919,857,920,590,2054,1185,1372,1709,263,2228,1425,1349,1141,573,14231,3501,1186,1180,2108,1908,1610,1860,528,1473,380,301,938,369,167,90,539,420,657,3350,457,789,383,1225,1011,1773,3461,2172,1379,2315,7263,747,2565,2408,1234,4616,1101,937,587,1188,647,2564,772,826,1003,1089,850,1050,1194,386,618,288,124,338,485,624,653,828,1214,1708,730,579,706,666,682,480,427
2019/8/11,17,359,757,1827,4071,1226,649,713,353,158,694,145,218,341,441,1081,438,455,326,615,301,467,558,255,1313,460,894,845,1226,1337,1290,662,2552,1563,1704,1799,325,2974,2051,1702,1535,656,16261,3942,1377,1352,2336,3085,1856,1858,691,1710,479,388,1148,370,222,125,576,639,701,3913,475,1072,494,1507,1308,2358,4070,2821,1835,2410,7751,1007,2207,2933,1560,4892,1322,1244,736,1489,916,2406,1122,715,887,1664,1078,1220,1859,592,796,276,149,455,659,821,640,975,1484,2136,959,952,944,872,881,683,637
2019/8/11,18,271,671,1618,3259,1229,636,645,284,207,636,129,206,213,439,939,415,520,313,699,229,460,522,253,1252,298,842,867,1244,1366,1266,732,2188,1530,1687,1502,312,2976,2016,1647,1571,435,13622,3518,1305,1219,1865,3483,2013,1734,693,1881,513,439,1102,306,224,121,628,642,668,3020,605,896,555,1600,1269,2191,3303,2725,1689,2239,6421,902,1794,2401,1432,3968,1167,1204,784,1240,711,2316,1061,667,727,1527,928,1096,1904,618,742,308,183,442,564,804,634,1032,1357,1900,961,819,1004,862,908,680,661
2019/8/11,19,181,535,1278,2248,889,503,524,277,141,643,163,208,200,433,518,309,451,350,582,229,437,528,170,1182,223,794,858,1103,1121,1087,764,1749,1179,1367,1076,280,2477,1819,1594,1589,382,10540,2451,1016,1028,1550,3156,1557,1228,545,1582,498,412,1102,297,224,132,504,563,660,2059,491,1021,425,1314,1100,1800,2841,2420,1631,1820,5014,531,1254,1654,995,2918,1033,1065,784,1032,570,1560,1075,449,594,1105,732,987,1703,556,637,246,161,333,543,842,511,858,1027,1324,840,810,829,742,867,607,572
2019/8/11,20,148,604,954,1509,776,512,545,297,198,649,125,219,209,439,345,310,459,309,609,194,447,570,78,1295,265,719,827,1106,1058,1085,782,1334,1002,1326,695,240,2339,1796,1658,1589,300,8685,1676,934,843,1516,2474,1415,1075,636,1612,481,370,1126,250,219,130,596,591,681,1600,614,886,479,1455,1180,1584,2536,2301,1645,1498,4309,405,991,1151,624,2068,984,1090,782,881,488,1062,837,416,431,832,606,934,1469,542,622,214,143,384,554,690,493,843,815,1108,793,755,812,788,830,656,570
2019/8/11,21,122,596,989,1058,739,477,581,307,206,641,154,202,181,480,326,362,464,302,542,197,475,536,113,1498,162,777,890,967,1054,979,808,1238,1037,1316,724,274,2658,1896,1830,1733,252,7211,1379,810,857,1315,2059,1195,1145,686,1490,468,423,1110,216,279,118,509,548,657,1787,606,855,490,1578,1229,1673,2166,2324,1606,1606,3875,510,921,967,587,1791,1029,1226,821,831,601,801,802,377,426,904,567,963,1172,543,640,255,204,337,593,599,489,900,899,973,891,862,877,962,931,581,682
2019/8/11,22,96,462,771,793,547,411,469,227,167,533,113,171,157,347,239,267,412,261,500,163,413,458,63,1301,118,594,780,888,835,834,568,884,673,947,492,154,2153,1634,1509,1467,238,4327,838,659,650,950,1322,860,918,509,1197,454,331,880,217,206,109,423,519,602,1462,540,699,487,1411,1172,1497,1851,2186,1569,1253,2848,359,568,616,398,1208,794,765,642,582,404,595,690,249,367,696,447,794,734,561,625,221,130,270,518,657,430,696,720,632,816,878,918,828,849,706,558
2019/8/11,23,30,148,316,313,259,152,185,121,65,221,54,76,99,173,87,99,153,93,187,74,140,179,26,492,80,315,408,480,428,404,298,431,296,461,186,89,889,672,648,757,98,1268,404,211,238,302,459,354,393,213,539,159,142,463,86,88,54,208,282,354,791,317,336,210,680,465,569,629,811,611,520,1290,141,234,266,149,501,362,362,284,176,186,323,328,112,137,298,223,369,271,281,235,73,64,154,261,269,195,363,338,267,400,360,355,352,405,301,316
2019/8/12,0,11,66,84,103,81,63,61,37,35,97,41,33,33,51,38,59,59,32,60,23,56,59,5,239,13,104,107,139,142,129,117,150,112,132,64,15,294,261,237,273,30,248,172,86,96,77,139,111,158,94,194,59,51,153,20,44,17,73,103,116,340,98,62,95,258,166,280,253,295,216,157,379,40,70,97,50,115,133,91,78,35,43,66,101,58,38,82,58,89,98,114,135,34,27,35,111,124,82,121,112,79,135,165,158,174,129,117,117
2019/8/12,1,0,0,0,0,0,0,0,0,0,0,0,0,0,0,0,0,0,0,3,1,6,5,0,10,0,4,7,13,10,8,0,0,0,0,0,0,4,5,6,8,0,0,0,0,0,0,0,0,1,0,0,0,3,12,0,1,1,5,12,8,59,6,3,4,10,3,6,1,0,0,0,0,0,0,0,0,0,2,1,1,1,2,0,0,0,0,0,0,0,0,3,8,5,0,0,0,0,0,0,0,0,0,0,0,0,0,5,5
2019/8/12,5,0,0,0,0,0,0,0,0,0,0,0,0,1,0,1,0,0,0,0,0,0,0,0,0,0,0,0,0,0,1,0,0,0,0,0,0,0,0,0,1,0,1,0,0,0,0,0,3,2,0,3,1,0,0,0,0,0,0,1,0,1,0,0,0,0,0,0,0,2,2,0,1,1,0,0,0,1,0,0,1,0,0,0,0,0,0,0,0,0,0,0,0,0,0,0,0,0,0,0,0,1,0,0,0,0,0,1,0
2019/8/12,6,335,151,624,521,325,130,106,33,29,203,10,52,27,143,172,181,164,64,94,47,51,69,69,360,17,173,123,192,268,184,72,305,196,366,403,155,241,154,225,108,634,3825,311,542,462,627,435,575,320,203,693,74,100,359,148,51,96,164,97,83,306,163,484,85,144,296,169,756,420,139,324,445,294,377,402,290,875,163,182,294,293,174,254,230,162,254,508,361,286,276,64,106,64,110,115,103,64,274,237,487,324,100,62,68,140,82,98,88
2019/8/12,7,491,958,3569,1698,1761,702,634,109,80,840,48,317,149,613,550,1083,1040,529,255,95,300,422,418,1680,74,390,413,738,1158,790,284,1294,1059,1725,2073,1113,865,748,801,347,2912,8592,1257,2001,1942,2031,1507,1870,1377,991,2680,247,321,1003,470,155,291,667,465,298,767,1171,1051,350,470,1194,507,1899,1191,511,1100,1999,1773,1590,2153,995,3784,907,809,1463,1019,782,1360,1247,492,1018,3546,2018,1845,1259,443,602,340,668,249,441,188,858,908,2158,1568,262,264,317,246,194,349,265
2019/8/12,8,833,2986,12011,4138,5049,2173,1598,226,109,836,126,260,411,706,1461,6218,5125,411,367,167,609,377,2037,4900,121,478,654,1185,2844,1280,517,2625,1956,4876,5525,2193,1168,936,1361,707,5855,13621,4218,4229,4605,2864,2502,2130,2311,839,3021,358,1352,1014,271,284,783,1760,419,763,876,861,1038,420,650,1446,944,3502,2014,1623,1654,5832,5181,5685,5745,4304,11514,2091,1246,3084,1829,3091,6436,4181,1022,2184,13343,5731,5556,3539,577,414,429,1486,449,541,343,1523,2841,7588,3696,313,304,296,378,318,261,312
2019/8/12,9,496,1401,5201,3247,2650,1272,871,213,67,551,55,134,407,494,905,3786,2651,206,304,97,361,196,674,3167,105,335,368,817,1760,642,339,1876,987,3150,2348,842,1017,649,733,420,3539,8774,2955,2152,2120,1323,1589,1667,1157,722,2276,301,773,649,194,88,435,1241,452,399,1026,274,599,276,482,1264,823,1691,1239,1071,1457,3313,2344,3084,3136,2834,6584,1472,983,1145,1178,1801,4309,1960,590,975,4442,2848,2958,2206,441,214,150,374,274,272,299,735,1463,3258,1635,245,211,247,275,255,192,180
2019/8/12,10,374,607,2294,3249,1228,634,433,171,81,457,52,156,735,373,732,788,642,139,290,109,247,208,226,1069,121,399,333,528,867,511,254,1504,629,1628,1739,602,1024,615,615,408,2592,8015,2574,1883,1051,965,1189,1685,1018,618,1818,225,293,670,240,91,178,512,368,299,1384,166,432,221,452,824,858,1565,1129,722,1396,3348,1236,1920,1987,1656,4048,881,602,534,743,779,1874,950,384,847,2124,1395,1326,895,327,277,164,139,226,252,321,470,786,1444,1437,233,216,290,233,292,187,163
2019/8/12,11,418,518,1993,3369,1041,537,354,128,53,430,40,154,666,358,755,405,428,131,264,102,197,172,184,626,153,409,328,546,721,543,301,1538,679,1507,1564,507,1112,754,615,444,1749,8819,3133,1575,962,957,1114,1621,1021,525,1394,203,246,742,282,83,108,457,317,316,1644,149,354,198,523,673,1070,1816,1241,757,1571,4177,1165,1896,2222,1550,3860,717,597,428,764,457,2108,872,269,738,1919,914,1198,866,324,281,194,130,227,249,320,560,665,1371,1704,308,330,288,275,273,190,191
2019/8/12,12,421,604,1939,3872,1204,620,453,205,85,501,52,168,579,458,635,433,460,179,346,108,302,222,203,707,245,430,439,672,845,572,359,1834,888,1822,1670,536,1370,1048,778,643,1511,10104,3206,1429,1165,1137,1101,1720,1124,531,1530,262,325,989,320,128,114,503,398,351,2060,204,486,285,615,733,1205,1893,1453,1019,1588,4719,1262,2116,2252,1551,3841,846,751,512,860,481,1898,762,301,845,1854,1115,1136,942,350,341,191,146,257,358,447,572,777,1407,1967,437,385,428,312,465,240,213
2019/8/12,13,458,672,2045,3292,1257,748,469,168,100,506,63,123,580,469,680,527,569,200,375,107,290,237,209,859,203,452,469,669,789,686,387,1667,1018,2140,1950,630,1300,863,826,636,2471,10032,2821,1695,1137,1206,1219,1652,1001,672,1762,260,288,837,364,146,135,615,420,377,1891,252,503,304,617,872,1451,1924,1426,977,1663,5155,1411,2216,2452,1646,3864,887,791,563,784,492,2167,881,502,792,2019,1370,1085,982,421,402,207,167,270,363,447,532,863,1321,1968,401,362,417,371,390,254,281
2019/8/12,14,383,607,1835,3168,1110,662,426,194,101,493,70,118,379,367,600,435,473,190,342,124,292,223,145,687,225,499,473,686,808,631,350,1379,848,1653,1572,621,1350,926,804,725,1962,9284,2957,1601,1124,1208,1078,1391,976,614,1476,243,295,733,314,150,93,512,389,390,2122,219,562,259,664,948,1195,1853,1434,979,1806,4888,1121,2161,2138,1413,3656,894,766,503,792,447,1839,771,411,799,1709,1132,998,966,378,408,204,139,238,350,451,557,815,1317,1477,389,381,430,392,375,248,271
2019/8/12,15,364,602,1572,2854,1047,536,419,165,106,554,79,136,266,346,485,368,394,217,387,138,334,304,144,840,232,513,451,691,764,660,468,1275,919,1501,1420,502,1593,1158,953,835,1347,9644,2570,1379,965,1150,1203,1519,1015,537,1404,291,282,800,323,143,104,435,411,523,1850,247,633,282,785,940,1296,2084,1577,1042,1893,4762,878,2015,2063,1165,3234,887,766,471,730,403,1638,841,362,757,1540,951,915,1053,335,409,196,152,281,441,488,502,817,1246,1416,536,413,523,462,448,257,272
2019/8/12,16,350,648,1680,2837,1029,743,560,212,167,698,88,210,190,475,531,358,430,271,522,174,426,390,179,1004,193,593,607,957,904,845,529,1392,1108,1766,1358,412,2020,1415,1358,1002,984,10644,2471,1261,1037,1525,1578,1454,1255,662,1621,420,396,1027,364,198,92,527,603,546,2139,311,795,434,1096,1060,1667,2501,2158,1420,2139,5046,864,1890,2089,1099,3392,1102,967,630,978,549,1630,832,395,700,1588,966,1052,1239,419,537,248,214,360,476,596,529,818,1163,1432,755,603,636,651,713,471,451
2019/8/12,17,429,929,2422,3808,1568,975,882,374,245,1096,171,275,205,642,824,547,672,328,810,278,664,734,208,1763,306,887,1072,1515,1525,1345,898,2265,1545,2458,1738,438,3888,2658,2298,2042,1259,15226,3452,1476,1516,2288,2859,2165,1946,806,2126,658,503,1438,351,323,147,731,773,737,2660,476,1211,606,2114,1804,2729,3881,3703,2476,2766,6679,1223,2115,2686,1513,4071,1533,1423,968,1599,767,2308,1272,566,947,2076,1224,1572,2202,695,1071,366,234,568,913,1015,805,1140,1634,2009,1304,1134,1206,1163,1172,879,723
2019/8/12,18,491,1573,3793,5213,2399,1618,1583,583,509,2151,357,508,505,1040,1482,967,1206,658,1431,508,1251,1387,380,3038,440,1336,1792,2303,2600,2341,1263,2792,2186,3695,2196,721,6440,4855,4187,3616,1161,16961,5061,2022,2028,2964,3908,2895,2754,1470,3051,933,901,2391,419,445,206,874,1284,1067,3995,927,1871,1062,3611,3465,4666,5857,6767,4332,3579,7903,1603,2794,3736,2168,5704,2458,2254,1432,2576,1023,2589,1878,694,1207,3075,1836,2125,3645,1284,1840,700,322,973,1637,1582,1179,1692,2226,2642,2463,2164,2313,2081,2068,1427,1551
2019/8/12,19,293,1106,2240,3336,1514,1079,1115,491,470,1801,331,478,421,741,972,680,884,539,1152,395,931,1150,245,2527,366,1250,1541,1836,2027,1712,1229,2041,1776,2517,1573,421,4952,3977,3572,3203,578,10234,3305,1520,1472,2051,3675,2451,2300,1225,2743,930,825,2096,377,417,199,837,1107,1363,3445,832,1671,921,3136,2884,3531,4727,5395,3449,2864,5921,889,1912,2451,1504,3786,1751,1701,1095,1668,738,1606,1330,475,848,1841,1151,1537,2482,1149,1623,521,277,688,1205,1259,888,1389,1570,1808,2089,1807,1769,1794,1655,1422,1274
2019/8/12,20,199,657,1103,1694,841,625,675,318,283,1030,225,303,215,453,486,350,580,365,695,270,579,641,150,1698,217,889,1096,1238,1214,1302,820,1276,1077,1657,859,291,3181,2370,2259,2022,328,6801,1860,918,932,1425,2496,1464,1378,805,1717,563,529,1453,274,313,184,608,800,1057,2313,764,1207,643,1884,1893,2302,3028,3198,2143,1944,4459,483,1048,1323,677,2257,1131,1101,793,1034,461,947,773,350,562,984,595,843,1675,659,890,358,153,388,765,763,614,867,939,1127,1236,1145,1268,999,967,885,806
2019/8/12,21,147,651,1084,1132,859,534,610,345,259,906,186,284,245,469,370,317,520,334,646,227,530,597,109,1791,166,840,1042,1193,1135,1078,763,1025,925,1425,639,267,2911,2166,1989,1866,259,6329,1391,836,774,1447,1827,1245,1273,813,1452,521,459,1238,227,274,121,536,716,879,1948,599,918,497,1913,1593,2072,2584,2894,2043,1786,3863,491,884,923,571,1769,1094,1214,811,946,427,612,641,336,550,963,550,869,1307,688,708,279,157,453,633,610,593,984,778,961,1161,958,918,986,1038,791,638
2019/8/12,22,92,526,846,774,577,476,536,293,212,672,159,243,236,372,280,266,431,297,552,194,488,583,85,1542,207,771,947,1017,1054,932,668,924,712,1053,523,169,2563,1892,1921,1957,208,4153,921,621,701,1121,1416,1031,1097,609,1396,435,392,1044,229,263,112,520,587,843,1715,643,928,524,1725,1457,1895,2223,2704,1784,1381,2894,335,654,598,439,1160,955,977,680,584,408,431,640,290,385,661,432,786,926,543,728,209,125,298,650,712,490,795,735,636,1035,1097,1084,1003,899,671,773
2019/8/12,23,26,146,326,266,183,148,197,101,94,248,53,76,71,147,99,104,152,95,175,71,205,162,21,560,79,264,358,436,405,394,276,288,282,409,171,93,891,708,728,666,99,1290,340,200,242,291,433,357,370,217,480,166,158,386,109,114,62,257,280,361,876,283,405,206,713,509,635,670,888,619,554,1087,134,214,240,106,346,338,351,290,204,121,183,273,91,123,275,150,294,253,252,259,81,45,148,224,253,168,333,281,246,430,380,410,409,418,389,341
2019/8/13,0,7,71,105,98,88,70,71,39,35,101,36,33,34,49,44,42,66,42,54,22,55,60,7,233,12,93,106,122,127,118,112,134,82,126,64,25,341,274,263,291,17,255,114,82,89,83,175,147,167,98,210,71,64,137,8,30,11,76,105,111,323,112,63,81,256,202,268,203,304,217,168,351,39,73,66,61,93,127,137,94,61,47,89,106,38,24,65,42,86,100,91,155,43,30,49,102,109,72,113,93,80,131,154,156,162,147,132,125
2019/8/13,1,0,0,0,0,0,0,0,0,0,0,0,0,0,0,0,0,0,0,3,0,4,4,0,9,0,3,12,11,12,11,0,0,0,0,0,0,0,13,6,9,0,0,0,0,0,0,0,0,0,0,0,0,1,10,0,3,0,6,8,6,62,7,3,3,10,4,10,0,0,0,0,0,0,0,0,0,0,0,1,4,2,1,0,0,0,0,0,0,0,0,3,12,4,0,0,0,0,0,0,0,0,0,0,0,0,0,7,9
2019/8/13,5,1,0,0,1,0,0,0,0,0,0,0,0,0,0,0,0,1,0,0,0,0,0,0,0,0,0,0,0,0,1,0,0,0,0,0,0,0,0,0,0,0,0,0,0,0,0,0,4,1,1,1,0,0,0,0,0,0,2,0,0,2,0,0,0,0,0,1,0,0,0,0,0,0,0,0,0,0,0,0,0,1,0,0,0,0,0,0,0,0,0,0,0,0,0,0,1,0,0,0,0,0,1,0,0,0,0,0,0
2019/8/13,6,246,169,562,492,281,128,118,34,28,218,11,64,36,120,167,179,182,72,100,54,60,61,64,363,11,175,101,181,267,147,81,298,180,338,379,153,216,124,210,93,736,3314,300,573,448,540,395,498,303,194,680,75,86,360,148,31,88,181,96,81,260,136,480,97,128,295,158,565,419,157,315,449,368,373,442,255,972,169,171,264,303,168,261,212,153,276,517,340,297,317,73,114,72,103,104,127,71,205,235,503,310,80,84,85,129,75,102,82
2019/8/13,7,446,910,3558,1723,1688,716,624,94,70,945,46,339,151,670,578,1119,1069,487,280,93,329,404,446,1682,47,387,381,823,1208,569,269,1307,1129,1732,2133,1122,746,462,823,314,3072,8503,1258,2040,1949,2018,1528,1681,1457,969,2685,224,338,940,474,183,318,663,447,294,879,1155,1023,342,400,1190,559,1813,1194,485,1139,1840,2061,1535,2154,1040,4202,979,714,1408,1051,782,1416,1236,459,1024,3484,1851,1802,1270,459,725,315,636,273,478,222,807,909,2200,1584,228,288,320,222,184,335,236
2019/8/13,8,849,2973,12030,4206,4840,2305,1620,268,132,782,122,284,483,798,1427,6193,5235,366,417,173,659,408,2107,5091,112,443,638,1251,2765,1123,585,2557,2006,5005,5509,2209,1199,1032,1359,611,5906,13746,4449,4230,4608,3009,2627,2360,2381,823,2934,347,1357,1082,305,332,795,1848,439,803,986,875,1014,376,653,1504,1035,3644,1937,1578,1794,5868,5405,5592,5772,4151,11453,2131,1216,3101,1954,2995,6237,4109,1020,2181,13204,5706,5638,3577,548,456,461,1551,467,521,314,1552,2850,7428,3727,257,297,341,380,347,276,286
2019/8/13,9,486,1466,5262,3436,2802,1432,894,239,66,514,63,175,925,517,1014,3888,2695,252,338,118,411,227,755,3123,127,388,413,685,2005,674,392,1866,975,3271,2675,887,1011,749,767,458,3652,8420,3064,2282,2193,1436,1809,1994,1181,792,2235,319,797,715,226,114,419,1189,350,497,1420,247,596,234,538,1238,881,1860,1260,1129,1457,3207,2693,3040,3199,3026,6776,1493,901,1121,1271,1880,4589,2007,731,1036,4408,2945,2827,2252,441,267,155,399,263,336,270,733,1432,3246,1841,276,185,265,277,250,200,198
2019/8/13,10,372,665,2345,3419,1328,613,429,209,74,436,50,135,1414,353,757,762,646,149,260,103,232,182,254,1011,130,402,300,445,823,545,269,1487,743,1558,1755,545,972,577,556,419,2462,7486,2639,1851,1116,1172,1372,1891,1073,574,1674,189,294,740,388,153,174,476,367,357,1339,171,421,224,466,805,857,1481,1076,687,1407,3389,1543,2072,2172,1719,3942,875,593,506,741,763,1958,884,380,801,2204,1324,1273,869,328,214,113,139,215,273,395,512,771,1480,1664,229,218,252,225,260,137,179
2019/8/13,11,367,554,2030,3494,1149,528,439,219,71,418,35,140,1224,312,758,516,440,127,257,98,203,176,199,611,142,346,274,479,664,542,320,1467,659,1494,1765,417,1106,720,520,479,1719,8387,3319,1627,998,1109,1062,1584,950,461,1320,209,229,656,330,101,116,377,342,326,1522,172,349,188,467,637,1072,1649,1264,772,1466,4075,1287,1728,2373,1461,4018,770,522,376,756,399,2143,889,319,730,2012,927,1039,799,335,271,139,132,204,292,285,466,798,1477,1659,265,245,280,264,304,163,165
2019/8/13,12,363,596,1988,3816,1283,686,399,246,93,514,60,134,688,467,632,586,464,159,335,99,227,265,207,697,251,390,390,565,670,638,339,1797,792,1789,1745,476,1263,987,744,608,1659,10021,3460,1371,1213,1253,1111,1763,1093,563,1382,280,275,883,317,141,111,402,434,313,1782,184,453,235,638,775,1146,1907,1439,955,1573,4670,1247,2153,2216,1691,4031,852,696,452,870,542,2080,823,303,737,1924,1072,1062,1014,369,363,178,140,297,358,418,598,758,1473,1908,386,374,423,298,455,230,191
2019/8/13,13,393,717,2171,3442,1484,737,530,216,108,540,72,154,798,452,893,665,556,193,370,114,250,252,187,893,212,380,427,628,803,649,405,1782,957,1964,1940,666,1404,957,907,689,2421,10011,3096,1582,1334,1269,1380,1741,1063,668,1598,277,305,815,367,133,176,511,392,437,1732,236,542,242,677,845,1246,1948,1388,961,1648,5313,1486,2210,2515,1571,3947,871,834,684,829,500,2309,959,476,817,2076,1268,1105,1018,452,400,166,167,265,385,423,529,789,1317,1775,448,361,440,353,402,249,255
2019/8/13,14,301,577,1736,3139,1100,593,472,199,75,499,72,139,582,345,590,466,492,154,359,118,260,223,179,784,192,391,394,705,724,584,394,1492,827,1573,1628,632,1499,1025,892,680,1939,8594,2917,1538,961,1211,1034,1495,1053,595,1422,263,265,687,292,170,91,432,369,391,1849,207,565,270,664,812,1210,1843,1394,893,1635,4790,1115,2177,2265,1337,3517,910,804,459,766,471,1749,832,395,729,1753,1039,1107,941,326,444,191,167,194,335,421,530,763,1275,1426,438,354,420,338,364,278,211
2019/8/13,15,330,577,1654,2785,1016,614,440,213,103,578,125,168,449,326,520,360,403,207,404,145,334,314,177,805,234,432,534,780,775,641,368,1293,857,1479,1376,475,1544,1153,919,836,1403,9121,2561,1269,947,1233,1126,1389,999,598,1425,302,265,763,264,152,108,404,435,430,1772,295,556,235,752,903,1217,2198,1642,1067,1803,4528,893,1952,2025,1207,3146,919,824,488,771,538,1482,868,362,744,1498,932,1004,986,354,367,191,147,254,339,454,536,703,1308,1381,586,399,471,441,470,263,306
2019/8/13,16,315,655,1707,2899,1157,691,590,216,147,664,109,184,289,416,598,453,473,241,564,200,451,470,232,1075,194,562,652,883,874,877,590,1407,1118,1885,1535,423,2169,1580,1322,1074,1004,10659,2728,1197,1127,1649,1563,1568,1245,656,1671,423,420,1063,337,191,105,533,559,536,2357,362,879,452,1070,1210,1696,2738,2239,1510,1976,4949,935,1954,2206,1237,3355,1167,905,623,1138,547,1739,835,424,765,1530,916,1150,1182,401,590,338,160,387,477,577,574,788,1247,1529,802,645,796,688,674,417,513
2019/8/13,17,405,1109,2565,3915,1725,1028,882,415,267,1083,173,303,353,689,828,602,688,373,853,315,661,735,247,1832,350,904,1090,1539,1548,1437,978,2391,1617,2779,1803,500,3944,2816,2305,2054,1251,16238,3692,1603,1589,2509,2714,2243,2081,883,2169,612,542,1549,376,291,171,746,807,810,2900,484,1239,542,2182,1797,2723,3924,3929,2633,2799,6545,1270,2236,2771,1648,4293,1577,1428,921,1768,843,2229,1428,629,960,2154,1275,1599,2276,682,1186,391,212,628,887,1014,882,1187,1682,2212,1419,1205,1113,1268,1178,896,736
2019/8/13,18,469,1688,3893,5660,2481,1614,1605,584,497,2166,321,498,516,1028,1246,974,1245,685,1485,471,1345,1442,421,2983,432,1416,1815,2295,2747,2409,1354,2879,2311,3821,2547,629,6375,4755,4225,3682,1259,17923,5265,2223,2108,3327,4220,3185,3035,1504,3247,971,880,2359,389,482,190,937,1292,1272,3946,902,1918,1107,3627,3487,4710,6078,6761,4552,3510,8453,1781,3148,4167,2315,6078,2573,2298,1276,2411,1089,2749,1944,772,1262,3139,1901,2319,3788,1355,2003,727,366,975,1577,1552,1167,1791,2421,3005,2369,2116,2414,2064,2178,1414,1642
2019/8/13,19,297,1082,2369,3548,1656,1161,1157,481,465,1721,353,458,401,769,817,665,923,536,1089,353,938,1169,242,2346,376,1295,1535,1779,1938,1626,1236,2182,1764,2710,1599,432,4968,3829,3546,3105,610,10289,3493,1583,1451,2259,3496,2467,2286,1167,2696,842,791,2160,366,376,235,778,1112,1306,3848,973,1622,906,3218,2934,3826,4847,5465,3449,2798,6171,795,1955,2639,1507,3888,1764,1765,1069,1697,701,1705,1363,481,838,1990,1137,1466,2432,1252,1600,493,284,714,1191,1290,910,1409,1528,2089,2104,1872,1757,1804,1556,1464,1323
2019/8/13,20,211,638,1183,1743,898,608,655,363,298,1036,239,282,239,466,423,414,585,389,694,289,599,703,108,1630,197,873,1115,1294,1215,1365,745,1251,1071,1507,752,257,3203,2401,2286,1994,343,7359,1883,928,921,1470,2612,1485,1371,825,1693,593,514,1478,280,319,158,640,810,1043,2517,691,1154,647,1867,1751,2256,3021,3284,2226,1928,4337,535,1060,1375,753,2177,1135,1124,741,1025,472,996,865,313,511,959,570,866,1678,717,936,327,183,395,815,792,579,973,893,1098,1161,1138,1198,978,949,844,863
2019/8/13,21,151,678,1173,1217,911,614,637,350,248,1008,205,321,249,544,410,366,537,358,643,243,566,643,115,1859,177,904,1092,1275,1216,1179,874,1200,1022,1550,748,277,3124,2394,2184,2056,314,6873,1408,795,927,1564,2004,1350,1407,817,1733,546,494,1321,232,318,240,584,769,850,1810,679,999,522,1918,1777,2211,2796,3201,2155,1826,4050,522,992,997,626,1896,1115,1226,894,1014,414,677,696,364,462,1017,565,941,1393,683,759,253,153,408,739,687,607,949,979,988,1221,998,1030,1043,1116,775,712
2019/8/13,22,92,595,813,838,597,475,508,266,243,730,148,248,256,443,310,329,489,330,592,186,581,614,76,1562,226,848,1086,1058,1115,929,665,967,727,1064,510,187,2720,2151,1998,1945,234,4240,991,656,710,1118,1502,1121,1147,635,1386,426,442,1119,236,263,123,550,638,825,2057,621,981,541,1920,1576,1846,2355,2927,1918,1521,2968,406,687,638,408,1283,958,1009,798,726,382,547,634,294,335,728,469,863,931,665,764,265,139,347,671,764,487,915,755,712,1113,1120,1094,1034,1031,727,779
2019/8/13,23,23,178,316,317,219,152,212,116,76,246,62,75,99,158,97,123,165,101,218,74,174,169,35,535,92,311,433,479,399,378,301,309,302,459,208,79,899,738,768,795,87,1399,352,236,221,295,424,360,404,222,502,179,188,429,106,121,50,242,267,397,868,312,362,207,769,576,653,686,987,617,538,1152,119,223,249,152,417,364,409,255,207,131,213,254,86,119,249,174,335,271,266,257,88,54,146,241,273,188,348,337,263,488,402,338,398,455,395,356
2019/8/14,0,8,78,108,125,104,74,72,38,36,120,19,42,29,46,45,58,63,44,56,27,53,69,9,239,14,115,134,163,154,142,120,139,122,169,66,22,336,299,234,277,23,231,142,79,83,112,167,137,127,107,204,77,62,151,15,35,16,88,133,128,385,118,56,80,277,200,290,244,302,227,199,327,49,87,81,64,113,132,119,95,53,72,119,93,45,47,100,50,92,82,117,132,43,26,51,122,134,45,121,92,115,150,166,150,162,108,123,135
2019/8/14,1,0,0,0,0,0,0,0,0,0,0,0,0,0,0,0,0,0,0,3,2,5,5,0,5,0,5,5,10,8,8,0,0,0,0,0,0,0,9,16,11,0,0,0,0,0,0,0,0,0,0,0,0,0,4,0,5,2,1,5,13,62,9,6,4,20,7,12,0,0,0,0,0,0,0,0,0,0,0,1,0,6,3,0,0,0,0,0,0,0,0,4,10,2,0,0,0,0,0,0,0,0,0,0,0,0,0,12,5
2019/8/14,5,1,0,0,0,0,0,0,0,0,0,0,0,0,0,0,0,0,0,2,0,2,0,0,0,0,0,0,0,0,0,0,0,0,0,0,0,0,0,0,2,0,0,0,0,0,0,0,5,1,0,2,0,0,0,0,0,0,0,0,0,0,0,0,0,4,0,2,0,0,0,3,1,0,1,0,0,0,0,0,0,1,0,0,0,0,0,0,0,0,0,0,0,0,0,0,0,0,0,0,0,0,0,0,0,0,0,0,0
2019/8/14,6,240,160,554,453,352,128,102,36,29,195,6,67,28,137,149,194,195,59,80,47,67,57,62,336,10,155,113,178,302,186,58,317,190,377,366,157,237,150,250,98,695,3325,308,554,434,574,415,532,267,190,713,74,93,345,154,36,96,163,85,79,295,128,501,92,112,263,175,675,433,142,323,434,359,348,439,285,907,144,171,262,291,156,283,212,155,257,483,365,297,280,71,121,62,105,110,156,87,213,218,498,303,75,67,90,133,81,96,92
2019/8/14,7,428,919,3474,1697,1762,694,579,104,72,863,50,380,154,663,570,1077,1085,504,289,81,288,395,420,1757,56,423,376,748,1084,701,267,1260,1086,1770,2090,1112,781,440,849,311,3085,8470,1249,1925,1991,1886,1415,1812,1444,918,2638,209,359,993,464,163,301,630,419,294,789,1101,932,328,454,1154,522,1837,1188,520,1139,1931,1974,1637,2008,1049,4035,900,715,1432,1064,756,1381,1230,473,976,3418,1956,1849,1266,432,788,320,651,284,483,215,797,887,2091,1657,215,260,316,231,171,333,250
2019/8/14,8,825,2984,12029,4100,4892,2238,1584,219,120,784,123,278,425,763,1432,6050,5163,362,437,176,683,440,2106,5052,117,536,626,1261,2735,1092,569,2584,1874,4800,5534,2228,1232,973,1367,637,5869,13233,4234,4285,4456,2970,2536,2379,2291,783,3107,363,1375,1075,320,326,807,1796,394,780,979,913,1059,417,652,1440,1065,3526,2025,1521,1851,6137,5342,5647,5623,4244,11763,2152,1456,3033,1860,2945,6232,4086,1031,2167,13163,5537,5589,3523,608,435,470,1555,478,500,346,1521,2857,7410,3629,285,305,340,427,330,319,275
2019/8/14,9,421,1471,5140,3534,2795,1313,875,196,84,513,63,154,696,510,960,3872,2677,186,287,129,382,211,757,3367,123,344,376,720,1813,641,339,1844,1003,3279,2236,793,981,707,720,428,3472,8436,3023,2192,2069,1475,1667,1718,1222,744,2063,336,836,670,165,114,415,1173,360,515,1019,258,633,227,470,1198,801,1591,1250,1070,1509,3280,2452,3050,3157,2792,6923,1502,1041,1055,1190,1811,4469,1924,546,1015,4380,2977,2926,2257,428,187,181,403,260,285,336,707,1476,3251,1955,264,223,250,301,246,187,166
2019/8/14,10,397,632,2261,3296,1269,635,443,233,61,409,50,122,1053,354,699,764,679,141,261,113,252,184,250,1048,140,368,309,497,746,545,294,1399,652,1649,1758,523,960,628,577,416,2304,7594,2656,1813,1082,1096,1160,1640,1052,508,1602,212,260,689,295,101,196,481,372,278,1263,161,352,229,396,750,834,1513,1041,680,1464,3232,1414,1923,2025,1563,3818,846,560,460,818,769,1821,934,379,775,2128,1322,1313,839,354,249,160,142,231,257,304,569,682,1533,1622,204,206,251,222,261,138,175
2019/8/14,11,362,562,1903,3421,1111,577,404,223,54,407,42,118,952,322,603,450,402,150,289,95,187,204,215,646,136,342,299,530,681,509,278,1551,694,1512,1642,394,1125,670,604,467,1553,8724,3339,1529,997,1036,1031,1496,988,435,1298,204,204,653,277,116,130,352,329,362,1496,159,348,179,485,611,1027,1629,1154,751,1388,4024,1276,1868,2251,1422,3854,687,505,395,732,431,2059,806,241,793,1976,970,1059,827,382,260,146,150,228,256,352,535,681,1403,1745,241,236,306,284,328,174,192
2019/8/14,12,410,644,2159,4010,1189,689,479,194,112,511,79,188,741,451,586,498,522,195,363,107,297,231,192,690,224,371,366,646,727,668,383,1701,818,1826,1620,432,1281,938,727,563,1564,10160,3266,1372,1108,1205,1123,1741,1042,553,1604,261,267,884,269,120,120,413,404,363,1807,190,473,241,543,725,1138,2042,1402,923,1472,4603,1262,2130,2248,1514,3919,873,691,468,850,431,1973,817,392,704,1893,1166,1150,1067,366,351,170,154,271,323,437,497,779,1393,2018,453,362,344,321,403,227,215
2019/8/14,13,389,724,2155,3378,1412,777,485,225,114,537,67,153,651,423,633,548,622,192,409,128,284,306,245,799,161,412,468,691,745,719,378,1764,928,2037,1924,586,1314,890,793,646,2381,9901,3155,1511,1227,1277,1170,1664,1101,644,1675,274,316,787,308,131,145,469,404,389,1709,260,578,271,655,908,1330,1976,1417,991,1601,4879,1588,2308,2432,1620,4179,822,752,563,813,438,2103,926,529,828,2031,1282,1141,1029,420,387,194,153,274,325,464,482,791,1420,1797,427,359,359,318,405,255,232
2019/8/14,14,380,521,1776,3106,1175,721,447,219,72,453,63,150,593,361,588,486,466,193,369,134,290,259,169,729,191,423,403,649,708,568,394,1463,902,1570,1565,610,1283,920,820,625,1790,8622,2808,1512,1027,1235,1066,1365,1098,565,1424,245,263,682,325,120,100,388,377,410,1815,204,635,257,581,881,1300,1948,1361,966,1705,4650,1191,2098,2205,1484,3428,834,752,461,727,474,1824,791,472,753,1741,1166,1014,928,333,386,191,163,253,340,389,469,702,1311,1383,360,327,436,333,331,265,238
2019/8/14,15,364,606,1485,2814,995,847,451,205,113,525,62,161,316,359,449,387,367,194,372,158,319,317,161,815,236,454,484,727,785,710,397,1331,872,1393,1369,417,1425,1076,947,800,1219,9277,2629,1260,900,1366,1175,1244,996,534,1325,283,241,805,265,115,105,431,420,427,1761,268,613,301,788,945,1173,2001,1592,1037,1697,4538,899,1942,2101,1170,3294,947,792,469,723,351,1729,802,391,714,1535,936,935,961,335,398,205,122,259,406,499,423,683,1216,1391,518,364,475,427,441,327,301
2019/8/14,16,306,666,1746,2902,1159,1224,591,261,167,636,106,195,262,455,579,420,474,225,550,232,528,382,157,1111,203,555,621,853,817,859,513,1387,1097,1771,1460,394,2064,1482,1282,1046,950,10899,2691,1224,1117,1528,1534,1537,1285,674,1617,384,364,1087,312,174,93,499,584,488,2315,304,880,409,1002,1120,1516,2647,2245,1419,1975,5006,908,1910,2130,1160,3292,1169,934,629,1076,621,1512,742,441,689,1591,961,1067,1288,434,558,260,166,366,517,589,586,863,1258,1624,758,604,653,620,603,410,472
2019/8/14,17,400,1027,2464,3803,1714,1581,878,351,276,1073,177,238,351,722,905,586,658,394,861,285,701,739,235,1808,294,881,1055,1518,1620,1490,964,2552,1595,2705,1938,518,3964,2740,2351,2048,1287,15941,3720,1565,1489,2266,2603,2260,2013,945,2212,632,558,1557,335,270,178,701,772,773,2763,504,1276,648,2085,1825,2769,3885,3833,2578,2692,6594,1269,2178,2863,1598,4394,1671,1349,946,1752,846,2276,1282,683,1063,2087,1370,1666,2410,699,1090,375,197,637,887,1020,830,1228,1627,2264,1384,1210,1114,1247,1283,805,723
2019/8/14,18,453,1671,3928,5576,2498,1949,1568,613,553,2189,326,547,506,1136,1377,914,1274,654,1527,508,1283,1471,426,3109,460,1399,1799,2329,2573,2307,1408,2956,2285,4108,2665,651,6333,4765,4138,3616,1286,17525,5640,2146,2146,3097,3928,3116,2949,1490,3271,935,1006,2379,390,472,212,859,1245,1131,4149,1028,1955,1049,3777,3480,4808,6103,6649,4530,3510,8315,1973,3040,4342,2669,6400,2531,2291,1256,2637,1070,2734,2026,719,1278,3495,2093,2358,3715,1321,2019,750,319,931,1574,1584,1243,1841,2326,3001,2357,2243,2402,2071,2019,1449,1576
2019/8/14,19,325,1082,2321,3574,1497,1257,1094,475,460,1682,350,460,404,741,836,666,889,507,1113,373,924,1100,267,2399,371,1256,1472,1708,1914,1719,1264,2304,1811,2743,1663,401,4704,3845,3483,3103,590,10444,3365,1593,1489,2074,3581,2375,2338,1185,2700,822,815,2010,318,428,189,875,1065,1354,3466,869,1757,936,3173,2843,3603,4750,5313,3476,2739,5829,892,2021,2619,1606,3958,1803,1709,985,1712,737,1761,1421,506,819,1949,1183,1410,2413,1182,1516,528,262,716,1120,1236,871,1388,1521,1993,2089,1791,1837,1703,1613,1421,1298
2019/8/14,20,192,620,1164,1655,816,622,725,349,245,993,216,307,231,453,430,361,535,354,660,268,595,661,167,1598,210,876,1186,1211,1188,1275,880,1265,1011,1603,807,260,3182,2404,2287,2063,317,7249,1929,986,870,1459,2429,1491,1338,782,1655,619,503,1396,279,326,159,607,776,964,2418,663,1148,603,1863,1757,2178,2930,3310,2181,1833,4401,532,1029,1382,751,2145,1099,1173,844,1046,512,973,855,389,564,1033,598,868,1582,584,872,321,148,432,798,768,573,957,911,1080,1094,1055,1112,1017,918,904,892
2019/8/14,21,176,729,1143,1347,795,623,691,426,306,965,191,295,267,519,419,370,572,385,671,240,605,644,108,1896,213,999,1015,1275,1274,1169,868,1114,953,1624,758,327,3322,2394,2331,2071,325,7146,1307,773,947,1477,1979,1381,1414,774,1701,562,493,1380,239,347,217,602,747,887,2003,695,932,550,2009,1774,2191,2890,3488,2182,1804,4055,552,1078,1082,613,1942,1156,1230,908,1053,472,712,783,378,478,1029,561,971,1509,682,778,263,151,449,728,705,650,1002,956,1064,1213,927,1054,1018,1129,843,693
2019/8/14,22,98,631,886,825,622,504,576,276,214,736,182,276,258,459,325,347,497,325,614,231,532,637,95,1659,214,803,1128,1087,1221,909,696,1023,773,1153,499,182,2835,2165,2094,1975,207,4308,993,685,682,1222,1544,1072,1202,652,1467,498,423,1164,208,239,135,562,628,800,1871,647,989,586,1941,1607,1916,2499,2852,1840,1653,2902,386,711,750,418,1418,944,963,759,760,497,602,660,291,397,719,484,893,964,634,786,266,180,341,681,724,501,816,756,738,1113,1220,1216,1183,1035,759,847
2019/8/14,23,32,162,355,287,240,146,177,113,88,239,55,84,74,145,108,110,122,117,203,70,176,165,25,578,90,299,431,500,405,406,245,272,306,446,228,79,956,774,794,803,92,1384,329,225,265,333,468,344,400,254,484,195,168,445,99,110,53,259,274,420,897,307,390,205,819,605,722,670,1035,676,564,1095,142,275,304,155,488,382,365,258,170,153,316,276,106,104,263,178,341,315,275,285,94,56,159,270,255,197,376,306,270,468,411,409,410,477,409,397
2019/8/15,0,9,78,84,89,80,66,76,46,31,105,33,35,28,58,37,52,60,45,57,15,63,53,10,241,16,100,123,207,155,146,112,155,92,164,62,25,327,295,229,264,30,226,141,86,108,87,144,146,154,118,198,73,57,123,26,50,19,88,130,125,363,110,93,80,305,186,229,242,374,215,181,367,45,69,88,41,134,135,112,81,50,60,137,83,57,59,99,59,115,103,93,123,44,26,51,105,124,57,108,77,99,126,130,154,176,121,132,147
2019/8/15,1,0,0,0,0,0,0,0,0,0,0,0,0,0,0,0,0,0,0,4,1,8,3,0,6,0,7,6,12,11,9,0,0,0,0,0,0,13,9,10,15,0,0,0,0,0,0,0,0,0,0,0,0,1,13,0,6,2,4,11,9,48,8,4,4,12,2,11,1,0,0,0,0,0,0,0,0,0,0,2,2,5,0,0,0,0,0,0,0,0,0,6,7,2,0,0,0,0,0,0,0,0,0,0,0,0,0,11,5
2019/8/15,5,0,0,0,1,0,0,0,0,0,1,0,0,0,0,0,0,0,0,0,0,0,0,0,0,0,2,0,0,0,0,0,0,1,0,0,0,0,0,2,0,0,0,1,0,2,1,1,6,0,0,1,0,0,0,0,0,0,0,0,0,2,0,0,0,0,0,1,0,0,0,0,1,0,0,0,0,1,0,0,0,0,0,0,0,0,0,0,1,0,0,0,0,0,0,0,0,0,0,0,0,0,0,0,0,0,0,0,0
2019/8/15,6,273,171,533,451,314,266,134,33,28,175,11,56,29,154,153,161,164,66,98,46,65,120,64,340,14,174,110,183,297,137,74,295,172,351,367,157,242,130,223,101,626,3342,302,510,435,568,392,503,284,181,639,74,81,337,127,41,95,157,88,77,302,139,414,93,132,283,181,616,411,128,394,406,383,341,375,265,890,173,179,292,292,154,257,217,145,281,494,516,315,330,66,97,67,123,85,119,66,192,222,558,365,101,69,72,127,96,80,86
2019/8/15,7,486,925,3559,1705,1761,1209,596,100,88,809,33,342,148,667,561,1106,993,507,281,77,308,672,421,1666,66,365,387,753,1124,557,271,1241,1005,1748,1999,995,808,439,813,333,2858,8167,1219,2052,1859,2095,1379,1622,1370,765,2460,233,351,886,397,196,308,577,417,282,725,1141,904,339,389,1083,514,1844,1213,529,1114,1824,1962,1537,2118,1068,4127,898,747,1389,943,740,1607,1236,445,958,3554,3233,1811,1207,425,669,333,625,277,465,225,777,881,2171,1675,258,280,300,231,192,320,242
2019/8/15,8,834,3042,11910,4022,4849,2809,1567,227,190,701,126,312,412,778,1469,6028,5160,329,400,179,638,375,2132,4923,126,373,702,1199,2856,1099,562,2444,1813,4809,5279,2041,1189,922,1303,696,5511,12868,4245,4080,4364,3101,2411,2323,2207,757,2845,349,1290,1011,233,355,805,1743,409,768,857,870,1033,384,648,1336,972,3620,1927,1586,1760,5653,5177,5478,5519,4053,11268,2123,1278,2994,1912,2979,6585,3914,1022,2189,12950,5687,5598,3480,528,391,468,1495,432,463,324,1416,2831,7341,3449,329,290,368,407,342,257,291
2019/8/15,9,458,1403,5042,3512,2605,1486,842,188,74,396,61,149,708,484,1019,3721,2599,202,357,108,365,211,742,3131,94,343,372,717,1914,667,357,1780,942,2945,2396,770,924,740,675,415,3034,7916,3098,1908,1995,1539,1432,1600,1103,630,1873,293,800,678,202,107,377,1177,369,437,927,221,632,224,451,1056,850,1700,1160,1043,1367,3149,2478,2898,3219,2686,6551,1433,929,1154,1195,1726,4731,1868,558,954,4321,2701,2845,2255,372,272,154,372,242,281,283,668,1362,3136,1773,238,194,279,288,251,240,186
2019/8/15,10,381,609,2132,3013,1399,618,407,257,64,344,51,127,984,305,686,726,615,144,304,78,211,197,214,987,129,296,278,472,753,506,235,1409,646,1613,1524,502,871,642,602,369,2204,6966,2331,1557,991,1204,1058,1656,998,417,1463,205,256,568,255,83,147,422,297,315,1147,195,364,186,391,716,782,1342,1012,691,1396,3032,1421,2079,2044,1555,3707,805,541,489,710,729,1945,976,320,760,1941,1260,1379,854,305,210,114,132,214,226,302,488,723,1472,1576,231,240,241,213,260,157,195
2019/8/15,11,355,493,1803,3160,1025,515,405,185,64,350,33,122,751,305,670,466,427,116,279,78,219,212,167,655,114,332,283,535,653,524,297,1374,610,1457,1417,388,1015,723,500,443,1382,7642,3015,1327,951,1074,1054,1449,805,424,1158,190,180,579,269,96,101,304,271,319,1305,199,294,176,423,503,881,1560,1033,659,1301,3640,1218,1715,2070,1359,3614,666,502,398,641,399,2027,824,288,650,1842,824,948,857,258,235,124,108,207,235,244,462,607,1319,1521,291,261,236,241,258,172,205
2019/8/15,12,421,592,1843,3396,1294,638,392,209,93,526,61,150,601,404,509,514,445,165,347,92,309,256,180,738,212,355,346,539,705,653,334,1529,851,1757,1653,528,1218,930,707,555,1479,9052,3114,1235,1076,1232,989,1442,1010,548,1277,231,251,790,300,137,111,386,384,301,1584,204,397,204,467,662,1030,1689,1314,900,1503,4187,1194,1869,2131,1365,3755,876,729,465,876,433,1895,768,309,789,1887,1019,1086,983,357,311,146,139,272,347,399,479,758,1331,1693,329,346,367,301,392,235,200
2019/8/15,13,402,644,2191,3160,1498,730,469,244,101,476,45,151,595,392,578,504,556,177,376,94,287,239,179,782,177,380,369,643,801,762,400,1579,921,1961,1921,616,1230,816,732,592,2184,8920,2929,1456,1141,1395,1103,1567,1045,585,1511,245,276,738,337,150,138,476,329,403,1504,259,478,259,592,795,1285,1752,1274,882,1442,4612,1408,1985,2314,1605,3657,817,735,639,782,446,2077,842,427,728,1953,1239,1056,1121,364,407,186,170,254,335,443,522,821,1359,1718,404,354,432,340,410,264,240
2019/8/15,14,405,499,1587,2891,1220,536,417,200,81,486,64,161,544,333,534,421,421,154,401,93,268,228,155,685,158,417,376,604,665,657,378,1353,877,1437,1426,547,1304,886,678,601,1687,8040,2719,1338,883,1187,1046,1296,857,565,1392,235,274,659,273,100,107,400,365,357,1765,232,487,231,527,745,1102,1708,1218,851,1603,4484,1116,1938,2098,1387,3229,721,635,450,666,477,1876,717,363,734,1576,961,980,990,276,312,204,141,238,325,386,471,695,1251,1379,334,300,362,317,327,258,210
2019/8/15,15,307,511,1381,2528,999,551,389,225,104,454,86,145,312,318,426,307,378,186,309,131,291,310,160,733,200,455,420,617,693,643,406,1270,856,1342,1427,433,1412,1077,903,721,1142,8308,2478,1201,932,1264,1126,1187,909,492,1370,254,270,786,354,106,94,361,322,398,1798,235,514,239,737,837,1144,1818,1434,1030,1632,4227,938,1844,1957,1090,2897,885,702,491,721,396,1718,749,331,647,1378,805,901,786,289,350,186,147,244,318,423,473,650,1169,1369,464,373,474,424,411,276,270
2019/8/15,16,367,644,1676,2723,1090,689,600,241,128,647,109,139,247,399,491,418,475,290,610,214,432,402,173,1093,186,519,610,878,919,789,533,1342,1083,1621,1498,387,1985,1435,1241,1132,881,9761,2502,1142,1061,1529,1450,1462,1208,638,1490,451,364,996,336,181,86,516,533,516,2186,311,693,394,1007,1013,1562,2401,2092,1329,1800,4667,875,1771,2027,1171,3120,1077,887,582,948,564,1593,783,373,757,1627,977,1067,1195,367,572,245,155,327,455,513,559,759,1217,1683,643,536,616,649,664,390,460
2019/8/15,17,440,1068,2454,3815,1641,944,860,358,255,1023,175,273,287,652,860,549,709,357,802,243,701,725,223,1621,334,800,993,1482,1487,1371,942,2205,1643,2544,1845,549,3607,2621,2265,1890,1172,15055,3654,1530,1489,2332,2628,2047,1951,819,2104,593,496,1475,338,248,126,599,707,749,2608,441,1151,564,2050,1801,2616,3719,3549,2420,2602,6380,1349,2077,2745,1568,4427,1507,1374,879,1621,805,2077,1309,612,852,1985,1361,1565,2084,673,1047,322,223,536,850,917,822,1122,1630,2192,1286,1193,1148,1118,1173,823,674
2019/8/15,18,465,1617,3917,5604,2496,1705,1566,564,480,2108,325,513,481,1152,1345,951,1192,642,1381,508,1252,1323,398,2957,466,1346,1735,2189,2565,2174,1360,2904,2223,3886,2611,685,6238,4750,4002,3510,1128,17032,5261,2141,2148,2944,3994,2991,2910,1413,3278,911,902,2308,391,402,209,821,1217,1131,3983,900,1821,1060,3537,3348,4582,6149,6768,4448,3623,8412,1744,2993,4183,2458,6048,2400,2218,1375,2485,1057,2738,1851,733,1296,3308,2000,2301,3484,1230,1887,707,326,978,1641,1487,1209,1814,2321,3032,2286,2180,2339,1993,2062,1408,1545
2019/8/15,19,302,1107,2255,3582,1555,1138,1118,487,424,1607,325,419,373,671,846,695,893,535,1034,397,874,1086,245,2363,446,1201,1432,1799,1746,1607,1146,2061,1790,2518,1551,424,4811,3726,3389,3099,604,9990,3421,1507,1512,2123,3449,2455,2228,1241,2652,830,734,2037,355,388,243,812,1078,1276,3390,864,1589,877,3160,2860,3507,4520,5124,3257,2819,6057,845,1911,2785,1611,3952,1764,1673,1080,1668,670,1680,1363,486,842,1834,1192,1411,2280,1174,1516,478,305,675,1088,1232,961,1417,1464,1994,2084,1757,1794,1758,1502,1285,1313
2019/8/15,20,187,699,1151,1693,823,662,695,333,250,974,203,285,232,434,502,322,501,346,679,239,604,654,144,1600,218,912,1150,1279,1194,1171,804,1278,1025,1541,774,292,3127,2204,2139,1975,318,7128,1856,920,821,1451,2330,1478,1294,749,1662,638,510,1422,270,329,120,570,812,959,2347,661,1090,566,1863,1763,2262,2813,3170,2086,1905,4173,546,1042,1347,750,2206,1120,1125,742,1114,471,993,833,363,522,947,599,908,1590,600,867,319,173,428,730,697,567,952,916,1076,1106,1092,1121,968,915,818,783
2019/8/15,21,167,670,1220,1278,835,617,649,377,283,950,209,292,251,479,433,356,534,342,677,267,562,662,119,1876,206,893,1066,1249,1301,1166,871,1155,1026,1529,797,284,3144,2427,2291,2010,338,6560,1498,848,879,1547,1910,1346,1367,847,1718,574,515,1284,253,305,130,590,705,878,1884,621,924,547,1948,1740,2196,2869,3190,2192,1757,4301,540,1058,1072,686,1986,1175,1169,908,1003,493,859,828,373,497,977,565,1010,1480,652,706,242,142,417,679,639,579,1097,922,1056,1217,1048,978,1031,1150,756,731
2019/8/15,22,96,527,875,847,700,479,523,334,249,738,184,264,277,376,317,354,490,291,589,209,553,609,112,1585,234,826,1008,1120,1151,973,728,1073,715,1124,539,211,2855,2239,2203,1970,253,4466,959,667,705,1132,1428,1061,1203,687,1468,470,427,1137,207,258,127,523,612,862,1909,639,981,560,1844,1618,1884,2472,2939,1888,1455,3039,398,661,737,498,1399,942,1010,738,742,480,650,604,288,379,752,410,798,920,630,767,258,120,343,723,749,548,935,753,738,1105,1141,1140,1146,994,744,811
2019/8/15,23,33,147,330,334,208,142,177,116,93,267,58,68,70,159,98,114,171,97,210,73,156,193,22,637,85,296,467,512,439,403,264,334,272,475,216,67,949,710,764,794,81,1370,318,213,231,318,437,362,390,213,524,144,175,461,94,105,62,247,269,430,889,307,408,206,828,598,676,705,882,713,543,1101,140,246,294,169,540,378,334,313,217,173,330,328,100,122,287,176,320,271,286,290,86,63,151,238,261,185,386,314,262,483,418,396,419,443,387,354
2019/8/16,0,9,132,140,198,154,125,132,54,46,166,55,45,48,96,66,107,122,81,121,30,87,86,16,415,22,161,229,232,256,215,166,202,174,262,103,38,578,462,400,417,38,401,192,143,128,188,195,171,311,173,302,124,97,215,35,68,31,135,171,218,552,187,131,135,405,329,400,364,441,340,282,584,67,138,164,85,203,219,206,128,81,107,190,162,64,39,131,105,151,155,165,235,65,43,89,177,168,110,169,151,142,224,234,240,263,217,200,208
2019/8/16,1,0,0,0,0,0,0,0,0,0,0,0,0,0,0,0,0,0,0,8,2,8,7,0,21,0,8,16,17,12,12,0,0,0,0,0,0,2,16,16,15,0,0,0,0,0,0,0,0,0,0,0,1,2,11,0,5,1,6,7,12,79,10,9,9,32,4,20,4,0,0,0,0,0,0,0,0,0,0,6,4,4,8,0,0,0,0,0,0,0,0,6,12,3,0,0,0,0,0,0,0,0,0,0,0,0,0,17,14
2019/8/16,5,0,0,0,0,0,0,0,0,0,0,0,0,0,0,0,0,0,1,0,0,1,0,0,1,0,0,0,0,0,0,0,0,0,0,0,0,0,0,0,0,0,0,0,0,0,0,0,6,1,0,1,0,0,0,0,0,0,0,0,0,1,0,1,0,2,0,2,1,0,0,0,0,0,0,0,0,3,0,1,0,0,0,0,2,0,0,0,0,0,0,1,0,0,0,0,0,0,0,0,0,0,0,0,0,0,0,0,0
2019/8/16,6,301,150,624,460,352,232,131,36,29,183,15,54,38,123,151,169,163,64,87,42,67,83,63,329,15,165,127,170,256,139,74,351,193,346,346,148,196,129,225,119,623,3221,285,528,436,525,387,459,283,170,682,90,88,343,155,48,93,160,92,81,290,149,520,91,129,280,165,705,420,144,324,417,347,319,384,260,993,159,170,258,294,152,267,213,132,236,506,313,299,302,68,120,68,107,91,96,78,235,221,477,353,79,72,74,124,82,95,61
2019/8/16,7,434,911,3482,1737,1816,1068,594,86,101,841,44,252,156,674,559,1078,974,519,279,107,295,676,401,1669,78,433,350,723,1051,546,288,1191,1005,1680,1940,981,762,421,805,285,3008,8601,1249,2005,1875,2032,1293,1602,1375,838,2481,225,351,949,430,173,353,613,409,331,629,1085,943,304,421,1131,494,1782,1171,507,1093,1880,1743,1526,2056,1016,3666,888,783,1406,1061,715,1454,1233,462,993,3559,1989,1833,1267,343,578,309,615,278,425,236,893,850,2119,1613,264,277,304,265,195,326,232
2019/8/16,8,823,2932,11746,4175,4754,2704,1508,210,125,754,141,241,414,660,1511,5907,4940,366,413,203,594,383,2020,4894,133,450,631,1207,2789,953,544,2595,1945,4676,5204,2042,1161,945,1350,574,5751,13426,4284,4171,4369,3105,2540,2361,2166,818,2812,333,1506,1154,296,285,769,1703,417,672,727,886,1037,345,572,1336,947,3613,1920,1514,1571,5666,5001,5224,5619,4083,11029,2112,1364,2988,1948,2809,6417,4018,967,2174,13005,5452,5378,3321,438,396,445,1515,464,542,357,1475,2797,7283,3363,273,271,308,357,316,248,299
2019/8/16,9,529,1454,4917,3315,2594,1496,798,176,49,542,62,132,683,472,968,3543,2564,186,317,115,336,208,715,3058,110,342,412,687,1615,631,308,1877,988,2916,2441,790,1046,700,729,461,3571,8690,2992,2153,2039,1756,1709,1902,1247,680,2184,317,801,733,335,120,378,1090,385,432,886,236,632,225,468,1183,857,1768,1194,1070,1566,3204,2270,2957,3127,2726,6480,1368,1002,1090,1188,1770,5095,1913,561,1079,4316,2755,2745,2262,274,222,163,382,309,287,310,760,1367,3192,1827,233,221,287,289,238,194,153
2019/8/16,10,463,669,2298,3572,1297,643,433,213,70,443,38,130,1109,319,827,766,592,147,317,92,234,247,249,1117,146,329,300,537,881,575,262,1486,634,1714,1785,465,981,642,567,422,2605,8242,2681,1839,1080,1384,1277,1787,1084,664,1599,237,273,735,389,80,137,473,372,371,1378,169,435,200,415,737,858,1659,1098,708,1348,3321,1243,1944,2250,1736,4132,913,585,501,823,785,2460,972,437,810,2056,1319,1304,880,268,201,143,141,252,252,338,572,702,1517,1683,238,200,239,233,251,143,189
2019/8/16,11,364,536,2058,3798,1118,673,442,192,73,398,49,119,1013,308,756,465,441,135,297,71,208,241,214,655,139,343,270,502,791,565,290,1595,683,1542,1637,429,1184,705,555,459,1648,8984,3435,1630,994,1233,1064,1719,1070,453,1362,192,282,696,318,106,119,363,304,336,1737,191,332,200,454,621,1016,1784,1243,869,1510,4397,1242,1995,2473,1635,4264,712,555,378,747,519,2618,962,404,791,1986,1063,1155,798,274,248,144,126,225,266,304,505,740,1519,1734,277,276,321,267,249,162,192
2019/8/16,12,504,654,2166,4162,1284,733,430,199,75,455,65,174,754,428,676,494,414,157,368,133,296,247,231,776,315,380,360,679,771,619,396,1781,898,1827,1807,427,1264,926,747,634,1586,10983,3576,1523,1231,1343,1140,1884,1205,555,1417,288,295,931,330,147,118,393,419,354,1960,182,477,256,585,777,1286,2107,1532,980,1633,4947,1355,2142,2496,1698,4370,852,742,457,962,484,2394,887,477,787,2140,1156,1118,967,356,384,193,124,255,333,436,587,826,1494,2164,532,380,398,314,448,236,224
2019/8/16,13,523,719,2285,3732,1521,768,572,244,111,505,69,188,680,485,789,513,587,186,376,114,312,290,258,826,249,415,456,738,877,717,388,1880,996,2170,2022,647,1436,987,863,702,2402,11239,3371,1654,1294,1572,1167,1721,1219,637,1557,280,374,776,414,150,133,497,354,425,1889,268,575,309,648,885,1490,2349,1474,1088,1733,5297,1563,2485,2709,1925,4494,944,862,629,889,500,2726,955,465,848,2139,1394,1157,1017,274,441,208,150,269,345,471,530,954,1390,1960,437,400,410,361,435,278,243
2019/8/16,14,468,616,2013,3474,1204,715,480,245,98,503,64,194,599,336,636,418,453,192,378,105,280,250,164,839,181,436,464,674,809,665,418,1460,943,1639,1703,600,1415,1052,881,708,1857,10067,3237,1519,1083,1446,1233,1545,1052,584,1462,292,309,742,353,203,164,459,450,442,1949,221,653,263,625,892,1330,2010,1483,1062,1742,5124,1224,2083,2415,1569,4162,982,771,517,878,546,2335,896,473,836,1857,1217,1110,913,237,424,223,154,251,308,440,548,763,1391,1628,356,394,505,410,313,274,246
2019/8/16,15,437,633,1635,3146,1039,639,511,232,111,569,88,159,404,396,592,381,414,240,422,183,356,285,185,890,278,521,502,734,830,701,510,1476,921,1549,1616,451,1593,1132,1028,823,1384,10598,2747,1350,1081,1391,1260,1482,1037,567,1456,343,297,838,368,128,102,444,365,498,1910,274,667,302,806,943,1332,2346,1624,1099,1852,4907,928,2159,2262,1250,3786,1002,832,538,875,468,2013,869,467,761,1521,904,1012,1069,340,443,235,135,276,348,461,522,738,1275,1431,505,451,538,465,503,314,287
2019/8/16,16,451,685,1935,3279,1175,817,619,268,149,698,93,195,325,490,621,432,533,265,612,206,497,451,182,1248,204,609,616,923,990,955,597,1570,1291,1769,1622,378,2168,1553,1353,1115,1074,13121,2908,1267,1176,1689,1715,1662,1395,734,1742,430,408,1175,416,234,100,581,629,581,2419,382,950,451,1070,1103,1702,2953,2336,1631,2056,5497,934,2120,2337,1432,4128,1237,971,670,1288,648,1931,878,454,763,1782,992,1284,1326,412,590,270,201,347,435,596,582,802,1350,1683,730,685,702,660,651,425,429
2019/8/16,17,558,984,2817,4386,1718,1177,938,403,273,1075,167,260,320,648,1280,602,766,343,853,289,697,696,285,1746,346,935,1072,1533,1594,1484,987,2403,1712,2743,2157,527,3919,2843,2337,2061,1262,20732,4311,1694,1651,2608,3087,2217,2117,866,2238,600,584,1580,389,257,169,673,717,719,2995,511,1322,617,2083,1916,3009,4604,3811,2610,2835,7713,1379,2416,3130,1799,5393,1605,1404,867,2122,931,2734,1552,572,989,2342,1564,1759,2426,764,1291,473,243,652,861,1017,880,1248,1826,2441,1447,1141,1317,1241,1200,927,781
2019/8/16,18,578,1728,4490,7131,2717,1665,1553,577,437,1822,313,461,462,1014,1592,930,1232,638,1367,426,1201,1343,505,2808,473,1286,1658,2226,2623,2364,1262,3064,2427,3859,3005,724,5996,4546,3751,3433,1246,22792,6627,2353,2238,3114,4225,3181,2932,1385,3284,915,841,2269,455,409,232,873,1168,1097,3935,888,1810,1041,3455,3081,4963,6762,6583,4397,3558,10069,1883,3479,5235,2936,8164,2352,2135,1350,3171,1099,3655,2170,834,1352,3590,2343,2393,3850,1219,1966,708,363,912,1511,1559,1244,2003,2693,3405,2187,1899,2247,1827,2026,1377,1453
2019/8/16,19,289,1089,2696,4883,1620,1138,1119,471,371,1476,263,372,394,691,985,633,864,524,1026,319,837,1043,257,2220,363,1155,1411,1730,1751,1812,1063,2507,1904,2677,1915,386,4639,3578,3175,2713,617,14204,4594,1882,1588,2140,3895,2551,2335,1073,2563,777,788,1886,381,381,203,832,1031,1196,3258,821,1765,851,2919,2616,3678,5108,4736,3056,2647,7780,1037,2339,3720,2078,5786,1749,1614,981,1994,773,2491,1783,489,961,2219,1427,1561,2610,1073,1584,530,257,697,1005,1252,951,1466,1736,2134,1951,1703,1666,1562,1556,1248,1196
2019/8/16,20,203,604,1335,2290,911,664,628,291,266,884,203,319,272,435,514,362,583,336,696,254,561,606,123,1673,215,910,1064,1290,1202,1270,815,1431,1147,1596,884,270,3071,2243,2265,2045,391,9589,2217,1150,928,1587,2641,1553,1326,770,1692,543,529,1398,268,281,162,582,798,989,2535,660,1188,643,1909,1678,2368,3274,3224,2056,1940,4918,571,1316,1904,921,3187,1076,1159,792,1368,591,1312,1068,364,625,1060,668,936,1768,636,910,322,135,438,745,864,630,1109,921,1213,1146,1139,1214,999,939,801,772
2019/8/16,21,174,698,1262,1556,929,687,723,315,294,991,213,311,243,479,443,416,649,405,751,288,629,667,121,2021,207,1001,1183,1254,1414,1365,958,1257,1189,1649,831,342,3386,2542,2295,2074,312,8860,1576,874,966,1658,2267,1468,1450,884,1815,609,600,1427,241,283,168,666,834,942,1933,621,1188,678,2200,1858,2455,3236,3356,2274,1842,4714,581,1180,1419,755,2633,1242,1341,985,1196,555,915,977,441,572,1057,642,1040,1607,688,826,309,162,518,746,806,660,1131,1046,1214,1414,1066,1115,1195,1155,872,780
2019/8/16,22,110,740,1233,1285,896,646,682,401,269,893,192,331,307,449,417,445,662,398,752,268,658,755,101,2073,264,894,1274,1276,1444,1148,871,1287,868,1431,765,201,3344,2684,2524,2390,297,6170,1169,743,864,1476,1698,1307,1460,770,1822,526,506,1306,239,338,128,700,751,975,2154,793,1240,650,2368,1913,2379,3086,3578,2379,1787,3831,530,912,1129,722,1925,1249,1304,968,1058,586,811,817,400,473,946,538,1069,1275,730,982,329,180,422,854,903,695,986,930,904,1328,1332,1360,1275,1219,876,993
2019/8/16,23,39,265,539,491,297,219,247,138,145,349,81,115,92,204,182,176,283,164,326,106,288,347,41,925,117,484,696,719,633,528,402,466,451,600,315,83,1482,1076,1211,1159,124,2082,551,287,376,546,695,558,604,350,753,270,265,647,169,186,76,390,403,547,1515,455,638,306,1132,864,1026,1167,1467,1020,744,1784,200,384,508,240,796,518,573,405,318,239,404,413,109,169,385,277,511,432,435,425,154,95,227,372,361,302,496,422,440,717,599,587,550,638,583,497
2019/8/17,0,17,122,179,183,115,76,117,60,33,146,36,50,61,74,50,83,112,67,92,28,71,109,11,377,20,158,202,226,228,203,199,231,126,228,88,35,482,436,372,420,52,466,192,119,162,209,211,184,275,156,352,101,79,197,34,44,38,112,169,184,498,195,119,129,393,271,412,357,485,305,275,626,58,130,185,83,255,217,177,123,76,144,191,169,57,74,163,87,139,197,174,243,75,26,83,150,154,103,195,155,149,226,239,242,251,206,182,219
2019/8/17,1,0,0,0,0,0,0,0,0,0,0,0,0,0,0,0,0,0,0,8,3,10,4,0,21,0,9,6,10,12,18,0,0,0,0,0,0,6,12,11,25,0,0,0,0,0,0,0,0,0,0,0,0,3,21,0,3,3,8,9,5,69,10,8,7,14,6,10,2,0,0,0,0,0,0,0,0,0,0,0,1,2,4,0,0,0,0,0,0,0,0,12,22,6,0,0,0,0,0,0,0,0,0,0,0,0,0,18,17
2019/8/17,5,1,0,0,0,0,0,0,0,0,0,0,0,0,0,0,0,0,1,0,0,3,0,0,1,0,0,0,0,0,1,0,0,0,2,0,0,0,1,0,0,0,0,0,0,0,1,1,6,1,0,1,0,1,0,0,0,0,0,0,1,0,0,0,0,1,1,0,0,0,1,0,1,0,0,0,0,0,0,1,0,0,0,0,0,0,0,2,0,0,0,0,0,0,0,0,0,0,0,1,0,0,0,0,0,0,0,0,0
2019/8/17,6,182,95,246,333,137,120,70,32,28,96,27,48,45,52,96,81,95,49,51,54,33,41,28,349,13,219,94,121,172,144,58,257,154,208,358,59,210,90,163,123,260,3729,195,359,376,390,607,327,172,105,408,46,55,269,90,37,41,148,83,66,256,82,625,99,99,197,158,559,348,179,317,285,294,262,218,206,531,129,166,143,286,155,134,124,106,184,233,234,157,176,50,83,28,61,114,63,59,196,197,289,158,82,57,73,72,73,72,57
2019/8/17,7,270,258,579,711,401,297,193,64,106,314,168,157,125,235,216,188,233,96,153,124,112,151,32,785,69,391,180,334,440,653,156,659,287,645,624,173,414,233,475,223,793,6277,471,768,603,936,1319,943,446,296,957,107,149,467,248,69,89,329,231,328,541,189,708,170,242,482,324,1061,582,317,603,876,693,557,587,317,1075,255,464,325,418,271,455,302,252,266,428,503,438,409,131,156,102,130,208,169,109,470,275,507,494,146,128,115,157,121,184,133
2019/8/17,8,354,555,1468,1308,1156,653,265,124,223,418,53,176,466,558,491,351,459,216,255,242,187,187,93,2001,89,461,266,428,641,960,301,1677,836,1741,1353,492,754,508,632,399,1225,9783,1076,1427,1000,1402,1815,1511,718,434,1347,172,186,683,321,127,127,481,318,422,826,158,622,250,336,717,721,1574,942,575,924,2062,1237,1271,1185,641,1817,582,706,375,681,464,1066,546,499,501,930,807,715,583,182,375,124,151,251,266,280,457,499,956,1379,250,188,251,209,194,234,134
2019/8/17,9,390,555,1635,2442,1290,691,361,206,133,428,53,131,1055,449,785,314,404,195,338,250,221,193,147,1245,98,569,329,473,645,674,312,1879,784,2007,1905,376,1019,744,587,495,1293,10060,1908,1720,1070,1989,1601,2201,1008,527,1314,210,235,761,399,113,93,371,384,637,1197,196,766,253,392,761,970,1759,1259,761,1323,2758,1255,1686,1741,1500,2903,790,628,294,667,552,1682,765,796,718,1245,1006,961,691,204,444,155,136,323,256,315,596,614,1099,1669,255,257,275,237,250,202,173
2019/8/17,10,411,470,1513,3688,1053,501,404,300,79,466,57,145,1755,300,988,351,328,147,370,164,203,212,153,711,145,548,293,526,683,734,315,1459,753,1614,1867,284,1210,773,642,551,1160,10631,3042,1810,1020,2159,1738,2297,1160,557,1337,214,248,847,475,126,120,473,376,631,2174,211,506,296,537,757,1180,2281,1272,787,1588,4252,1050,2398,2178,1925,4546,852,634,324,848,581,2733,734,772,878,1461,939,1117,753,279,331,145,91,338,251,388,650,701,1207,1772,295,277,302,259,309,195,214
2019/8/17,11,459,716,2140,4835,1387,518,509,287,72,427,45,147,1551,345,1290,360,324,188,379,119,199,250,251,784,268,548,349,623,841,825,382,1880,852,1828,1914,315,1298,1019,772,588,1033,11961,4656,1871,1111,2110,1475,2228,1332,449,1162,223,267,810,620,158,66,400,476,632,2715,204,569,228,551,649,1594,2559,1608,972,1706,6439,1309,2811,3246,2279,5591,746,706,349,1184,555,3314,1010,801,1028,1969,1166,1150,850,290,442,190,112,372,372,495,672,881,1733,2148,430,355,542,312,332,293,245
2019/8/17,12,484,798,2182,4851,1580,702,528,290,122,410,66,206,1152,507,949,491,372,170,465,152,285,326,273,857,234,457,420,681,871,914,469,2011,1134,1947,2158,318,1491,1140,879,778,1174,13169,4670,1432,1477,2122,1480,2251,1320,500,1356,291,272,977,491,143,89,434,416,533,2834,281,462,262,722,735,1714,2884,1822,1150,1823,6772,1294,2895,3241,2146,5378,895,844,395,1143,645,3573,871,1195,935,2211,1392,1132,1036,334,421,190,98,369,570,518,656,911,1610,2484,432,416,687,353,465,378,280
2019/8/17,13,476,816,2278,4834,1651,771,608,354,135,452,96,200,1088,508,921,410,493,224,464,169,344,415,242,907,311,595,487,729,826,832,581,2287,1248,2237,2585,403,1697,1202,917,858,1359,13350,4581,1432,1562,2635,1637,2198,1476,416,1252,285,316,855,567,239,81,434,403,588,2939,288,703,293,709,754,1874,2869,1770,1260,1981,7283,1388,3542,3294,2301,5869,875,966,514,1114,572,3270,1051,1310,1049,1903,1719,1391,1062,363,551,264,156,364,503,547,723,936,1536,2572,525,541,596,454,473,392,345
2019/8/17,14,406,631,1796,4519,1177,667,511,353,128,498,90,191,1038,383,978,377,430,216,446,196,316,340,202,885,367,628,474,678,805,822,547,1991,1209,1711,2039,304,1629,1264,1013,872,946,12887,4270,1335,1217,2537,1677,2034,1229,464,1401,303,314,860,688,152,86,535,370,637,3171,337,664,300,867,833,1729,2744,1809,1215,2125,6906,1163,3670,3233,2107,5933,996,947,581,1179,661,3531,844,1050,1130,1658,1319,1173,1052,315,646,282,148,322,410,553,680,830,1349,1921,513,426,560,441,426,316,342
2019/8/17,15,457,624,1587,4287,1161,645,486,291,157,449,92,141,887,381,889,321,411,206,425,208,345,321,220,973,293,642,556,842,752,782,579,1998,1145,1603,1616,327,1959,1341,1178,967,774,13172,3860,1093,1054,2159,1664,1965,1231,512,1422,326,366,954,534,162,112,458,463,764,3640,343,853,307,897,961,1731,2946,1933,1289,2219,6746,794,3437,2856,1776,5485,1055,1006,548,1109,760,2941,787,1080,1097,1341,1056,1052,1106,426,642,272,149,401,441,630,675,809,1341,1787,605,549,645,533,576,445,409
2019/8/17,16,437,633,1889,4425,1064,631,597,294,230,549,121,178,723,466,1011,313,457,263,527,266,407,430,164,1037,310,783,633,897,956,854,582,2068,1210,1652,1698,330,2342,1611,1367,1154,656,14492,4128,1272,1225,2272,2183,1867,1369,572,1650,420,404,1000,596,172,95,555,488,652,3919,444,826,402,1228,1015,2039,3266,2528,1546,2326,7315,910,3014,2884,1653,5707,1191,1124,642,1308,779,3166,919,904,1112,1334,1197,1253,1330,450,847,293,129,454,490,630,687,800,1459,1965,707,746,803,644,678,536,510
2019/8/17,17,284,948,2620,5207,1570,804,894,336,256,732,140,276,559,555,1349,486,526,332,695,315,485,523,260,1430,537,842,797,1254,1320,1369,727,2625,1632,2389,1910,387,3172,2207,1851,1554,964,16819,5113,1714,1501,2363,3699,2246,1984,669,1922,465,433,1271,503,243,140,664,648,780,4101,580,1091,538,1731,1364,2782,4154,3431,2062,2989,8998,1321,2942,3904,2110,6519,1336,1300,849,1752,1033,3539,1544,891,1020,2175,1698,1313,2317,580,921,401,226,598,692,920,851,1275,1768,2239,989,965,1047,907,1031,717,660
2019/8/17,18,260,870,2516,4438,1370,785,867,303,169,708,170,292,376,498,976,500,498,318,755,276,508,618,249,1441,460,986,880,1266,1436,1355,723,2711,1830,2087,1748,344,3400,2205,1783,1631,675,13682,4759,1871,1392,1739,4467,2107,1776,722,1804,528,586,1244,462,278,136,608,686,708,3629,575,1158,605,1630,1495,2730,3987,3170,2015,2698,8090,1080,2461,3775,2129,5918,1374,1258,772,1567,846,3593,1558,607,799,2077,2867,1399,2460,691,929,395,186,489,688,1001,686,1224,1665,2122,1119,906,1106,978,987,696,725
2019/8/17,19,167,607,1499,3007,902,618,574,245,147,662,127,172,199,403,616,325,472,302,615,195,425,506,151,1228,291,838,793,1156,1139,1122,618,1922,1325,1447,1269,264,2716,1863,1676,1551,472,10549,3116,1368,1134,1539,4028,1749,1396,646,1509,523,459,1196,347,199,123,584,750,750,2318,484,1108,481,1508,1286,2373,2994,2677,1581,2228,6742,609,1652,2367,1328,4305,947,1062,718,1131,646,2542,1260,433,556,1331,1593,1123,2320,570,750,282,168,405,633,979,587,1050,1128,1530,957,834,961,830,956,651,684
2019/8/17,20,137,595,1073,1899,804,462,549,294,183,628,147,192,181,354,507,297,424,277,586,228,454,497,92,1256,321,761,800,973,1074,1146,704,1395,1069,1398,780,246,2440,1777,1613,1613,300,9257,2256,937,886,1490,3002,1504,1166,693,1476,453,439,1165,321,280,119,545,580,787,1735,606,947,440,1532,1217,2009,2642,2365,1614,1828,5197,505,1281,1592,788,3059,959,1108,683,998,544,1505,939,358,540,922,554,929,1687,615,764,297,165,407,516,777,562,998,866,1162,991,828,861,801,846,608,596
2019/8/17,21,132,639,1081,1548,953,517,668,330,220,752,178,268,200,422,382,367,511,352,621,200,556,605,97,1630,214,911,1039,1222,1256,1132,830,1286,1033,1550,896,253,3012,2068,2144,1917,298,8604,1686,895,971,1536,2461,1321,1208,690,1652,573,447,1209,304,299,144,610,678,816,1905,653,1124,655,1921,1439,2063,2868,2766,1783,1759,4903,524,963,1327,758,2349,1120,1233,883,1077,629,1036,1053,426,502,935,615,1009,1384,592,717,250,164,436,674,774,644,1133,1034,1020,1033,952,1008,1136,946,777,776
2019/8/17,22,105,634,1038,1169,762,492,588,332,194,649,153,200,209,378,338,320,524,344,608,204,484,575,83,1648,210,795,1017,1156,1214,1056,770,1119,807,1267,696,201,2795,2182,2114,2113,294,6559,1223,764,846,1342,1711,1138,1231,631,1429,541,433,1139,222,266,131,632,597,914,1478,702,1051,611,1864,1503,2004,2588,2957,2039,1638,4036,419,820,1146,639,1784,1029,1132,843,888,491,767,871,335,480,892,503,988,1074,596,890,291,186,346,688,901,557,1035,889,809,1126,1124,1275,1066,1073,877,803
2019/8/17,23,39,274,531,510,318,217,249,139,115,333,87,102,123,189,186,161,252,198,321,95,252,278,47,904,134,424,577,689,632,548,382,477,437,675,297,128,1394,1037,1194,1044,111,2401,601,348,375,585,747,530,629,343,779,265,278,546,184,145,73,305,376,538,1256,412,619,326,1115,827,1031,1144,1364,1036,741,1847,216,379,592,266,702,447,563,437,378,276,503,445,145,213,471,267,516,670,409,417,142,116,273,496,372,315,519,445,382,644,581,572,559,555,530,544
2019/8/18,0,15,78,87,97,83,63,71,40,27,104,19,32,23,69,34,63,64,65,71,18,57,60,3,269,9,83,132,142,158,157,127,187,82,142,66,31,328,276,237,283,38,231,102,81,109,89,150,116,153,89,183,55,54,130,21,44,19,67,107,123,327,103,45,60,222,188,238,228,297,199,188,322,32,78,63,44,121,131,118,104,44,79,128,117,36,30,75,55,89,90,97,115,37,19,56,102,107,69,118,98,98,131,152,151,141,130,96,127
2019/8/18,1,0,0,0,0,0,0,0,0,0,0,0,0,0,0,0,0,0,0,4,1,8,7,0,2,0,6,5,4,12,11,0,0,0,0,0,0,2,6,9,12,0,0,0,0,0,0,0,0,0,0,0,0,0,12,0,5,2,3,3,12,71,4,3,7,6,2,5,0,0,0,0,0,0,0,0,0,0,0,0,1,0,3,0,0,0,0,0,0,0,0,6,7,2,0,0,0,0,0,0,0,0,0,0,0,0,0,4,6
2019/8/18,5,0,0,1,0,0,0,0,0,0,0,0,0,0,0,0,0,0,0,0,0,2,0,0,1,0,2,0,0,0,0,1,0,0,1,1,0,1,0,0,0,0,1,0,0,1,0,1,1,1,0,3,0,0,1,0,0,0,1,0,0,1,0,1,0,0,2,0,0,0,1,1,1,1,0,0,1,1,0,0,1,0,0,1,1,0,0,0,0,0,0,0,0,1,0,1,0,0,0,2,0,2,1,0,0,0,0,0,0
2019/8/18,6,229,76,214,288,138,92,57,27,21,69,15,61,95,52,95,83,100,27,44,50,30,42,27,238,11,164,109,127,116,193,52,174,142,183,139,44,142,79,126,115,188,2533,230,235,357,319,512,208,165,67,296,34,68,244,51,41,25,88,50,64,243,98,522,110,83,110,140,446,259,168,297,238,223,265,182,201,435,106,114,118,194,126,109,91,116,133,176,162,131,169,45,66,42,45,73,93,56,199,131,240,162,79,35,60,77,53,76,57
2019/8/18,7,255,152,412,538,444,170,134,45,82,218,20,199,554,173,163,140,169,55,135,100,72,72,34,536,71,365,134,203,357,673,111,514,355,419,396,113,334,206,353,228,536,5018,374,441,620,801,983,626,323,143,670,105,161,366,141,66,65,257,161,268,400,173,651,124,210,268,302,761,534,272,490,827,417,327,397,206,740,263,322,234,273,273,368,197,211,257,409,353,282,413,83,129,65,75,199,117,92,534,215,368,351,134,90,99,119,132,135,102
2019/8/18,8,335,277,1065,952,1084,452,176,135,66,271,31,177,590,491,323,209,382,125,206,208,133,114,68,769,203,429,191,325,523,1015,218,1272,749,1241,1035,255,630,366,444,289,1169,9264,835,651,1064,1406,1498,1214,550,216,834,130,334,579,250,93,58,368,213,483,747,138,644,210,262,551,640,1107,700,446,869,1749,1116,884,921,525,1239,452,513,252,392,422,592,380,418,423,561,613,542,458,123,175,78,128,270,155,182,378,394,744,1009,212,147,171,116,170,152,101
2019/8/18,9,373,334,1244,1977,988,465,255,230,129,258,45,161,1286,329,622,241,442,134,276,190,140,195,128,540,143,597,263,406,408,604,282,1419,808,1457,1694,265,877,493,436,402,1093,9484,1615,851,1185,1696,1796,1777,1037,289,1038,159,220,643,332,116,72,310,247,620,1232,175,598,256,353,451,979,1595,896,686,1128,2367,1125,1583,1380,1143,2316,745,471,291,567,554,1081,460,613,559,935,795,803,572,166,273,93,79,333,228,266,453,566,948,1522,236,196,211,178,197,181,129
2019/8/18,10,387,395,1166,2961,757,484,305,260,102,269,61,142,1828,308,972,239,351,154,309,175,142,251,160,456,286,659,258,439,494,713,255,1464,674,1205,1966,225,1052,580,532,392,1049,9746,2635,1065,1084,2044,1734,2050,1126,309,960,178,236,627,501,97,69,324,268,660,2153,204,481,175,408,450,1113,1968,1037,715,1440,3722,1097,2221,1601,1594,3964,760,504,282,771,578,1851,440,686,731,1145,725,981,583,195,242,163,79,329,199,351,508,641,1055,1619,269,209,243,227,281,188,172
2019/8/18,11,398,486,1839,4066,889,418,375,256,55,286,51,114,1881,359,1121,272,325,142,322,178,198,208,288,541,407,646,302,572,702,675,303,1948,760,1373,1864,253,1071,746,613,503,934,11382,4249,1187,1247,1954,1421,1894,1366,313,891,195,231,683,548,102,64,317,330,651,3018,156,443,262,434,465,1390,2353,1252,841,1646,5641,1218,2423,2866,2066,4915,688,484,239,947,496,2603,831,617,894,1601,1135,984,745,298,331,172,125,360,247,409,558,790,1423,2122,299,228,344,216,272,193,232
2019/8/18,12,434,569,1807,4229,1102,518,382,277,78,411,71,139,1118,405,914,298,310,170,318,106,236,219,242,569,260,683,359,661,716,698,358,1973,925,1438,2102,250,1329,931,708,578,873,12331,3856,1128,1542,1758,1331,1772,1484,314,997,217,236,739,505,104,69,355,305,527,2964,250,413,296,556,559,1404,2525,1468,968,1655,6249,948,2661,2602,2048,4870,842,704,328,1020,532,3016,699,585,856,1555,1084,935,742,272,363,225,88,349,253,457,565,807,1379,1976,320,287,394,296,379,308,237
2019/8/18,13,423,578,1855,3944,1183,552,429,284,114,435,73,151,917,434,803,261,335,155,429,115,283,303,239,687,305,610,404,627,740,803,403,1893,1118,1647,2715,259,1370,1084,856,717,1237,14245,3982,1147,1465,2123,1392,2003,1677,394,1118,282,289,755,461,153,88,502,391,606,2918,242,693,229,647,721,1563,2773,1566,1114,1722,7164,1112,2957,2400,1953,5016,787,733,391,1037,520,2488,797,775,1022,1384,1174,1145,795,309,399,243,140,342,372,537,593,838,1324,1883,499,353,460,347,380,317,283
2019/8/18,14,430,504,1447,3543,1024,573,504,319,110,430,73,161,609,364,728,254,346,251,361,161,300,307,175,802,469,661,413,622,721,802,504,1912,1012,1424,2406,297,1582,1154,859,764,802,13490,3556,1055,1257,2248,1352,1601,1761,424,1127,291,289,829,551,165,87,528,390,664,2972,325,612,330,866,783,1482,2936,1579,1115,1879,6383,864,2938,2531,1904,4946,802,816,471,1039,550,2719,744,814,999,1231,1129,955,958,291,577,286,129,317,372,599,604,836,1226,1656,538,495,524,500,454,363,305
2019/8/18,15,391,542,1045,3362,941,540,429,333,123,481,85,138,343,329,699,245,355,220,419,190,316,343,163,828,370,631,522,799,778,809,514,1687,1015,1365,1537,239,1683,1173,1148,951,691,14182,3190,986,1178,1892,1361,1490,1446,463,1201,307,320,797,471,138,110,465,384,629,2845,322,760,320,847,820,1469,2910,1839,1209,1977,6004,673,2590,2228,1418,4632,901,925,478,1122,472,2304,754,697,909,1035,836,875,987,352,531,229,157,338,430,595,606,691,1076,1564,543,536,647,541,548,377,345
2019/8/18,16,436,583,1288,3415,955,548,590,317,113,532,115,153,193,345,691,262,381,212,476,160,314,370,171,979,314,734,615,892,845,936,622,1750,1076,1317,1303,229,2307,1429,1336,1100,493,16242,3303,1081,1200,1697,1658,1439,1168,589,1352,328,368,926,393,166,97,451,488,561,2436,502,758,423,1199,1051,1750,3661,2149,1435,1911,5914,712,1980,2146,1235,4629,1038,945,589,1282,465,2494,724,549,804,1098,929,1001,1073,395,800,196,116,331,442,658,560,850,1081,1506,672,662,735,665,619,525,485
2019/8/18,17,408,737,1787,3849,1142,647,669,308,157,648,153,216,221,424,831,453,447,274,622,190,463,548,274,1155,366,730,884,1218,1381,1221,741,2111,1267,1778,1492,291,2894,1960,1681,1504,700,17023,3806,1158,1425,1905,2548,1614,1737,590,1794,454,432,1033,392,210,115,498,633,613,2638,474,1024,473,1424,1360,2200,4185,2910,1812,2284,7126,809,1961,2716,1465,5114,1207,1106,709,1592,531,2393,1042,539,827,1550,1075,1158,1530,634,784,309,182,420,697,738,649,969,1409,1788,914,866,981,814,882,633,635
2019/8/18,18,272,684,1479,3022,1044,638,618,305,166,639,122,189,180,397,687,398,492,270,641,188,489,536,219,1191,293,761,863,1177,1177,1226,606,2202,1337,1535,1253,283,2922,1920,1712,1639,512,13140,3331,1170,1303,1533,3133,1739,1445,646,1715,422,397,1248,261,204,78,649,708,580,2441,541,955,550,1533,1233,2226,3692,2555,1726,2082,6057,799,1694,2443,1324,4375,1203,1145,742,1263,601,2657,1169,413,659,1333,1040,1139,1684,591,763,253,164,389,600,760,606,982,1225,1663,919,869,1004,894,907,733,704
2019/8/18,19,163,546,1144,2250,736,549,528,286,173,587,142,174,186,368,483,273,411,273,529,200,445,599,163,1158,306,749,934,1088,1125,1054,735,1767,1052,1350,881,200,2463,1784,1602,1479,341,11000,2229,937,1015,1314,2565,1425,1300,588,1696,435,386,1028,297,270,122,578,573,672,1809,580,1071,383,1345,1099,1850,2861,2206,1545,1703,4744,522,1326,1664,878,3145,1009,1059,733,1129,447,1782,926,349,516,923,639,916,1453,545,599,229,156,338,503,723,530,832,940,1294,834,826,813,751,849,637,660
2019/8/18,20,147,443,845,1430,698,442,620,264,176,629,128,191,161,418,337,281,441,291,527,134,442,445,93,1208,243,739,871,1044,980,958,741,1260,951,1355,673,214,2253,1741,1556,1517,286,8655,1467,820,835,1341,2183,1210,987,614,1459,511,374,1056,210,216,127,559,545,666,1402,556,889,420,1394,1071,1547,2458,2190,1440,1517,3621,422,855,1089,604,2209,1062,1004,772,913,390,1065,767,349,492,763,532,866,1237,516,544,203,124,358,573,651,458,847,832,953,866,691,749,714,781,603,592
2019/8/18,21,117,529,797,1105,683,502,572,277,188,579,146,199,186,417,320,311,492,283,544,157,414,477,88,1370,182,687,842,977,1008,976,748,1137,961,1227,678,225,2633,1745,1753,1549,253,6541,1148,706,850,1117,1784,1036,1040,587,1389,454,327,1026,196,253,117,450,530,627,1750,645,817,412,1481,1124,1531,2125,2458,1562,1486,3413,487,799,885,553,1770,1077,1021,776,837,500,726,692,322,404,783,498,860,959,500,544,223,153,327,534,630,479,875,873,917,843,776,750,839,783,576,636
2019/8/18,22,86,512,688,659,529,426,456,255,168,529,105,189,122,341,219,257,356,220,465,135,406,484,47,1271,114,620,765,834,783,753,546,862,618,929,442,159,2202,1625,1483,1420,235,4185,744,536,590,887,1213,798,977,479,1100,373,287,836,151,193,66,446,430,589,1328,511,643,492,1573,1057,1420,1832,2025,1466,1270,2629,321,517,582,372,1210,733,829,572,522,341,570,567,275,281,628,361,648,638,488,643,168,99,284,540,673,426,798,700,634,814,828,884,817,789,622,540
2019/8/18,23,38,168,304,272,239,161,183,115,73,235,62,56,79,174,100,134,140,126,212,72,149,157,20,560,69,283,414,486,432,381,285,363,294,455,194,67,894,604,680,674,98,1253,308,199,276,293,476,345,404,195,505,169,154,450,93,116,60,229,312,356,853,301,398,206,675,531,630,650,805,691,462,1090,173,221,235,166,576,351,385,284,185,170,324,309,111,98,292,182,371,263,280,247,90,58,150,254,227,198,419,300,243,444,331,345,337,415,293,299
2019/8/19,0,10,71,76,88,90,50,72,40,24,73,34,32,22,38,32,48,57,55,49,11,44,48,7,221,7,103,132,141,139,136,114,107,86,143,67,26,306,242,218,238,28,262,127,69,89,87,153,114,154,100,181,65,55,112,9,30,15,62,92,108,275,103,61,77,217,178,274,231,276,215,164,340,23,56,48,58,75,119,89,69,43,49,60,103,29,23,79,44,90,102,93,127,39,30,42,93,112,71,139,88,88,122,141,142,150,136,99,121
2019/8/19,1,0,0,0,0,0,0,0,0,0,0,0,0,0,0,0,0,0,0,2,1,4,5,0,9,0,2,8,12,5,5,0,0,0,0,0,0,9,6,5,10,0,0,0,0,0,0,0,0,0,0,0,1,7,10,0,2,3,3,6,7,47,14,5,9,7,4,10,3,0,0,0,0,0,0,0,0,0,3,4,6,2,2,0,0,0,0,0,0,0,0,10,13,2,0,0,0,0,0,0,0,1,1,0,0,0,0,9,9
2019/8/19,5,0,0,0,0,0,0,0,0,0,0,0,0,0,0,0,0,0,0,0,0,2,0,0,0,0,0,0,0,0,0,0,1,0,0,0,0,0,0,1,1,0,2,0,0,0,1,0,4,1,1,3,0,0,0,0,0,0,0,0,0,1,0,0,0,0,0,0,2,0,0,0,2,0,0,0,1,2,0,0,0,0,0,0,0,0,0,0,0,0,0,0,0,0,0,1,0,0,0,1,0,0,0,0,0,0,0,0,0
2019/8/19,6,331,152,581,446,305,127,97,41,41,172,10,36,37,113,160,179,168,83,59,42,66,51,80,415,25,148,119,163,265,173,67,301,182,384,351,131,232,124,222,106,634,3679,284,537,403,590,313,389,316,157,680,83,76,333,123,46,88,164,106,91,249,137,493,64,186,271,156,699,372,139,294,395,356,371,373,285,833,140,137,280,340,140,227,207,144,247,490,329,301,292,77,88,61,87,100,84,64,209,207,471,255,96,56,57,121,81,92,68
2019/8/19,7,489,937,3598,1699,1548,698,581,81,88,868,38,136,137,591,513,1098,894,494,266,77,292,242,460,1761,139,290,376,784,1110,828,277,1304,1058,1778,1744,901,721,455,937,325,3065,8674,1197,2003,1646,1852,1109,1468,1396,741,2282,233,327,799,421,193,304,591,420,286,671,1174,1019,342,953,1179,525,1872,1223,537,1034,1862,1486,1573,2183,957,3669,760,627,1425,1057,725,1274,1223,421,1003,3407,1818,1805,1236,341,605,311,663,286,364,188,800,918,2249,1369,239,257,208,192,171,315,291
2019/8/19,8,877,3109,12393,4225,4744,2200,1692,180,148,1254,129,197,276,754,1477,6159,4961,339,386,130,608,357,2194,4962,411,294,656,1390,2854,1377,551,2621,1912,4824,5209,2177,1123,910,1361,627,6002,13278,4440,4253,4774,2790,2304,2102,2302,786,2950,349,1370,981,255,357,781,1798,418,758,758,875,1061,372,685,1458,1006,3697,1858,1626,1558,5960,4930,5555,5692,4166,11593,1994,1255,3032,1942,3021,6278,4243,988,2188,13779,5700,5883,3353,500,429,450,1597,451,497,359,1505,3033,7819,3544,324,319,319,397,345,282,295
2019/8/19,9,514,1489,5285,3306,2726,1302,949,183,86,516,57,119,363,485,987,3997,2811,223,266,91,447,169,766,3177,670,316,369,820,1752,607,303,1923,955,3122,2186,869,955,662,680,452,3385,8349,2928,2240,2103,1405,1461,1612,1146,740,2121,338,836,677,183,82,429,1203,299,427,928,259,546,230,462,1279,865,1817,1150,1039,1181,3190,2315,3020,3206,2832,6921,1432,954,1077,1124,1853,4562,2079,543,997,4612,2941,2866,2310,322,198,145,364,267,261,403,719,1439,3390,1599,240,168,242,276,251,179,185
2019/8/19,10,394,595,2183,3132,1303,607,435,133,77,470,47,125,641,388,713,891,622,198,327,69,226,175,249,1085,288,319,239,486,803,497,224,1472,645,1483,1557,524,1053,645,576,382,2428,7690,2438,1879,1100,1088,1139,1682,1025,601,1746,196,267,611,239,90,151,485,354,370,1234,182,394,192,381,863,891,1595,1032,699,1314,3159,1173,1973,1929,1616,3941,783,654,533,648,717,1696,859,346,818,2067,1242,1226,871,242,211,135,135,187,255,343,460,789,1481,1409,229,214,271,215,233,156,165
2019/8/19,11,412,538,1894,3271,1035,514,373,99,60,379,37,131,704,310,744,463,412,172,278,95,201,192,197,662,211,332,300,521,663,542,265,1489,711,1351,1515,409,1094,672,626,465,1588,8521,2974,1562,1015,890,1016,1686,987,484,1339,201,209,688,296,97,150,368,327,333,1626,193,391,195,425,647,1193,1882,1171,733,1304,4138,1031,1907,2186,1396,3692,660,587,399,690,404,2009,838,301,640,1914,1131,1115,801,265,239,142,116,236,268,368,471,740,1333,1451,289,286,289,266,309,172,183
2019/8/19,12,400,623,2064,3662,1233,631,390,171,77,448,43,141,585,472,598,570,474,161,354,99,231,318,183,695,301,349,337,655,703,796,380,1674,843,1696,1545,493,1233,905,815,535,1577,9359,3128,1306,1132,1094,1016,1660,1016,532,1422,229,257,853,348,106,107,424,405,328,1979,173,440,243,518,757,1165,1980,1423,882,1514,4761,1098,2032,2247,1483,3705,875,754,508,785,509,1866,804,309,755,1960,1172,1168,803,282,313,162,121,276,362,378,515,781,1407,1579,433,383,433,300,401,250,203
2019/8/19,13,372,687,2152,3308,1322,665,419,177,108,492,59,136,573,467,617,553,585,174,362,138,241,273,226,806,286,354,435,627,762,820,360,1672,881,1871,1710,678,1371,806,879,606,2392,9292,2877,1537,1238,1174,1213,1649,1146,689,1609,229,325,723,328,106,162,475,373,370,1791,206,498,228,625,877,1340,1874,1347,931,1534,5130,1278,2363,2439,1581,3587,835,827,568,725,454,1930,816,478,752,2044,1588,1089,806,257,375,228,153,285,299,470,560,776,1382,1603,398,386,397,311,349,272,255
2019/8/19,14,352,517,1709,2874,1103,567,436,192,101,519,56,157,430,372,617,462,401,183,358,128,281,256,140,713,237,456,425,660,670,651,366,1321,832,1449,1335,540,1446,995,748,699,1863,8894,2694,1505,1022,1052,1116,1315,1040,581,1556,251,258,671,320,124,98,375,351,442,2134,191,609,257,641,921,1242,1767,1420,913,1761,5034,1037,2143,2174,1395,3248,803,702,482,761,484,1632,686,400,762,1562,1154,966,881,280,349,181,140,237,327,409,496,761,1258,1359,322,328,460,337,362,246,255
2019/8/19,15,344,535,1443,2680,936,560,404,178,123,520,70,148,318,378,503,363,395,164,386,110,307,283,101,770,283,461,472,733,825,685,417,1413,810,1401,1406,459,1632,1034,909,785,1291,8982,2399,1265,942,1198,1231,1273,998,542,1386,280,309,759,307,166,110,395,401,545,2020,283,548,308,788,906,1212,2086,1611,1053,1769,4577,746,1888,1969,1109,2829,838,783,506,740,415,1496,799,399,665,1468,912,874,907,287,415,206,126,257,391,504,510,661,1137,1290,517,416,466,436,470,321,308
2019/8/19,16,319,577,1500,2595,1096,676,520,227,167,668,99,187,138,396,528,324,463,276,532,190,406,411,141,1025,240,561,633,908,850,903,536,1414,955,1698,1280,325,2094,1380,1242,1005,903,10216,2493,1181,957,1421,1671,1459,1213,675,1566,398,392,1014,364,198,67,460,543,521,2273,323,824,417,1031,1089,1532,2688,2234,1334,1905,5021,805,1792,1973,1100,3131,1004,944,608,980,510,1466,755,403,758,1476,888,1027,1216,366,449,217,160,337,455,590,531,814,1165,1488,719,557,677,703,658,411,440
2019/8/19,17,474,988,2291,3747,1601,1010,880,392,239,1050,146,300,248,699,786,604,758,390,853,271,668,775,228,1631,327,937,1079,1591,1626,1388,1028,2251,1551,2485,1541,504,3891,2783,2432,2027,1146,14869,3441,1505,1497,2262,2993,2086,1913,881,2229,667,551,1419,309,282,141,676,766,748,2441,536,1187,648,2086,1835,2787,4043,3772,2596,2550,6338,1127,2141,2813,1448,4173,1595,1399,943,1775,689,2018,1296,558,885,1930,1216,1704,2085,645,1033,402,183,577,886,984,830,1158,1662,1979,1379,1120,1149,1207,1220,833,732
2019/8/19,18,509,1604,3695,5441,2354,1753,1649,673,569,2295,369,518,507,1109,1247,965,1327,750,1534,516,1351,1488,435,3179,565,1384,1848,2414,2650,2403,1486,2666,2283,3791,2183,708,6805,5220,4538,3804,1109,16942,4824,2094,2119,2996,4422,3153,2801,1512,3192,965,893,2375,406,489,181,882,1328,1155,3947,947,1864,1024,3772,3678,4768,6341,7233,4543,3528,7981,1582,2908,3842,2308,5598,2598,2345,1448,2565,987,2348,1965,683,1237,3091,1856,2328,3702,1322,1950,729,307,1009,1721,1603,1239,1802,2423,2778,2526,2253,2634,2147,2158,1507,1680
2019/8/19,19,273,1047,2218,3339,1424,1189,1161,499,435,1790,336,476,402,748,758,653,954,603,1189,396,963,1125,263,2432,473,1251,1604,1908,1896,1716,1223,2001,1694,2430,1304,387,5084,3990,3710,3160,519,9941,3170,1423,1502,2096,3273,2218,2294,1216,2720,896,752,2220,393,410,230,835,1121,1343,3416,913,1629,990,3288,3037,3569,4821,5411,3398,2656,5607,779,1937,2502,1342,3574,1755,1735,1105,1728,633,1372,1267,493,813,1758,1128,1380,2202,1209,1695,515,259,766,1188,1307,934,1444,1474,1815,2221,1857,1945,1977,1719,1412,1392
2019/8/19,20,181,647,1053,1517,771,608,668,319,244,975,207,315,229,452,408,357,541,386,697,222,562,629,137,1573,205,905,1125,1260,1134,1252,799,1258,1009,1517,668,300,3006,2247,2223,1929,310,6454,1522,890,785,1451,2137,1336,1301,802,1638,569,477,1297,269,302,145,578,811,970,2340,638,1078,583,1875,1630,2150,2807,3114,2064,1832,3886,464,1082,1229,649,1986,1040,1106,755,1054,418,818,700,335,497,849,567,853,1442,632,857,333,148,373,854,712,552,918,856,1015,1179,1076,1098,969,950,786,796
2019/8/19,21,142,551,866,1123,734,531,584,340,256,881,186,284,248,481,372,307,495,316,591,246,533,604,110,1647,191,807,945,1070,1134,1070,769,1020,884,1484,687,216,2920,2105,1990,1841,308,5815,1123,729,778,1275,1605,1110,1184,695,1460,483,485,1189,199,241,110,517,606,819,1833,557,875,476,1815,1503,1953,2563,2894,1920,1697,3404,445,827,836,543,1610,1093,1233,849,861,390,544,641,294,406,855,519,827,1234,626,656,232,155,388,613,645,522,913,800,866,1108,902,965,1002,1047,710,634
2019/8/19,22,74,464,726,714,552,419,474,259,188,630,139,209,233,380,273,305,448,272,479,194,470,515,58,1407,193,791,923,963,1022,911,614,894,688,966,496,171,2449,1954,1881,1785,243,3734,751,526,607,1004,1260,942,944,598,1207,417,394,993,190,233,115,478,558,735,1611,557,829,501,1646,1380,1734,2206,2581,1670,1369,2604,334,567,564,429,1101,895,916,638,587,385,389,596,236,347,656,373,724,815,565,688,226,126,283,594,631,471,728,674,616,988,1022,1007,940,884,649,716
2019/8/19,23,23,182,263,273,193,132,164,107,79,200,52,82,65,149,99,85,132,90,202,72,171,182,30,522,88,311,363,441,386,349,250,279,270,426,157,70,891,615,665,700,67,1175,320,173,185,280,389,333,387,200,451,172,143,360,106,110,54,226,260,355,769,259,350,201,664,553,642,635,896,629,510,990,126,192,227,130,307,302,355,229,177,117,180,201,97,112,214,167,323,274,244,226,82,50,147,197,231,179,336,282,201,448,378,354,347,456,383,328
2019/8/20,0,6,65,71,92,86,63,77,36,33,82,29,39,40,49,33,47,74,38,55,12,48,48,6,207,4,123,112,140,125,131,92,114,89,113,61,21,318,286,252,238,11,231,98,96,87,77,119,112,161,94,186,65,63,116,15,35,18,64,110,105,326,110,57,57,238,166,245,227,300,198,161,302,35,74,62,54,91,129,111,76,50,55,75,90,37,26,76,38,99,86,89,134,40,25,44,104,102,53,101,66,85,131,163,157,179,139,126,118
2019/8/20,1,0,0,0,0,0,0,0,0,0,0,0,0,0,0,0,0,0,0,1,0,4,6,0,10,0,6,7,7,12,10,0,0,0,0,0,0,3,13,8,13,0,0,0,0,0,0,0,0,0,0,0,0,0,13,0,2,0,0,9,7,62,8,5,5,4,4,10,0,0,0,0,0,0,0,0,0,0,0,4,1,1,0,0,0,0,0,0,0,0,0,6,8,7,0,0,0,0,0,0,0,0,1,0,0,0,0,9,8
2019/8/20,5,0,0,0,0,0,0,0,0,0,0,0,1,0,0,0,0,0,0,0,0,2,0,0,0,0,1,0,1,0,0,0,0,0,0,0,0,0,0,0,0,0,0,0,0,1,0,0,4,1,0,1,0,0,0,0,0,0,0,0,0,1,0,0,0,0,3,1,0,0,0,1,0,0,0,0,0,0,0,0,0,0,0,0,0,0,1,0,0,1,0,0,0,1,0,0,0,0,0,0,0,0,0,0,0,0,0,0,0
2019/8/20,6,265,149,554,482,293,122,102,34,24,158,7,60,36,117,152,198,155,75,66,40,55,31,62,392,29,163,109,190,236,145,72,318,173,375,397,150,212,119,229,114,677,3240,287,597,490,544,503,418,322,144,720,83,91,304,150,41,80,156,87,106,228,137,535,86,168,263,177,627,381,162,310,371,424,379,401,268,875,165,159,278,341,159,238,193,151,273,496,349,367,284,70,113,59,95,98,115,72,204,280,449,263,91,119,57,131,97,86,78
2019/8/20,7,404,911,3571,1713,1626,700,603,88,95,784,45,196,145,604,565,1156,960,481,263,94,294,259,454,1849,193,365,390,883,1066,622,267,1328,1045,1860,1818,909,735,438,823,366,2953,8437,1239,1973,1983,1851,1643,1555,1385,778,2604,223,384,800,478,214,325,606,434,278,827,1134,1001,329,741,1160,485,1744,1187,534,926,1851,1668,1641,2189,1038,3827,731,668,1439,1353,750,1400,1268,457,978,3467,1850,1888,1274,348,555,305,627,272,445,215,666,1105,2167,1414,266,367,210,199,181,350,267
2019/8/20,8,828,3042,12159,4186,4901,2226,1731,207,145,749,148,247,416,792,1527,6217,5068,369,407,140,586,367,2009,5194,470,391,644,1384,2857,1137,563,2654,1867,4842,5428,2065,1214,966,1326,635,5832,12915,4370,4334,4542,2919,2713,2159,2380,806,2904,357,1424,1135,318,363,806,1727,372,712,919,858,1039,346,667,1516,983,3555,1935,1493,1777,5975,5030,5452,5741,4231,11488,2088,1255,3080,1794,2982,6424,4081,1071,2132,13308,5654,5638,3330,469,456,429,1536,460,490,333,1543,3017,7741,3551,342,327,320,366,323,282,295
2019/8/20,9,477,1521,5247,3360,2691,1332,962,164,69,519,63,139,827,494,985,3971,2799,212,311,119,463,199,736,3551,682,404,389,779,1857,750,360,1890,1157,3088,2270,866,979,795,738,420,3561,7998,3079,2213,2151,1365,1676,1872,1178,717,2291,301,803,780,230,159,399,1170,350,461,1157,229,639,198,522,1267,951,1736,1257,1112,1317,3145,2401,3071,3176,3049,6880,1486,968,1070,1168,1890,4246,2023,591,970,4449,2864,2750,2388,298,213,141,358,277,264,322,712,1454,3230,1709,240,271,283,258,262,194,169
2019/8/20,10,369,673,2180,3432,1265,645,430,145,76,438,36,144,1183,374,766,832,676,148,239,105,238,171,263,1279,224,425,276,452,842,607,293,1593,665,1551,1812,521,994,701,589,407,2641,7282,2578,1838,1132,1275,1342,1976,1090,587,1591,209,316,679,372,105,132,522,369,308,1437,157,443,224,429,841,901,1588,1035,720,1360,3339,1227,1990,2036,1758,3752,842,606,516,663,805,1733,866,445,805,1974,1181,1279,869,223,213,103,157,219,236,403,566,753,1646,1486,265,283,265,236,247,192,154
2019/8/20,11,288,543,1970,3431,1105,599,422,158,46,406,30,138,1096,305,726,517,391,145,281,106,231,229,278,806,150,310,296,579,702,511,331,1591,675,1510,1629,412,1095,728,534,445,1605,7955,3075,1651,1006,1059,1006,1629,1074,406,1285,199,218,694,332,69,110,378,274,362,1798,190,333,200,490,638,1076,1668,1187,804,1441,4083,1235,1812,2341,1634,3686,692,532,394,736,436,1895,891,344,657,1896,941,1066,722,264,284,143,128,193,255,362,465,671,1532,1690,281,315,301,219,291,169,190
2019/8/20,12,374,692,2011,3815,1233,661,423,146,67,478,47,114,751,363,635,575,441,163,363,109,277,311,192,823,276,363,346,639,725,610,378,1654,816,1764,1607,502,1222,912,701,566,1596,9286,3155,1444,1105,1169,1161,1658,1073,561,1466,272,287,910,359,129,125,397,388,320,1825,200,470,222,498,736,1075,1775,1443,908,1542,4488,1180,1986,2182,1513,3627,827,762,490,878,490,1945,836,474,736,2092,1028,1093,864,270,337,182,135,324,425,457,466,759,1488,1722,407,351,400,293,386,228,209
2019/8/20,13,458,738,2273,3456,1484,748,466,153,91,518,89,133,765,449,673,618,580,195,370,118,283,257,211,1045,207,399,460,604,808,642,348,1837,880,1815,1807,630,1293,909,839,667,2370,9183,2942,1606,1278,1455,1201,1589,1051,619,1617,243,310,691,403,231,154,462,366,396,1897,247,574,277,633,887,1310,1992,1355,1036,1696,4990,1418,2325,2452,1623,3533,872,781,668,759,467,2052,864,565,808,2000,1332,1163,802,320,366,178,168,304,367,438,596,802,1418,1799,431,314,395,360,374,252,243
2019/8/20,14,343,616,1818,3130,1116,633,424,191,92,554,47,157,614,353,577,500,527,167,368,110,262,213,172,895,253,480,422,591,756,613,409,1500,820,1528,1579,558,1373,962,824,688,1874,8784,2690,1465,1177,1263,1186,1483,1067,615,1375,275,263,725,364,131,123,453,413,387,2126,199,548,276,624,930,1176,1815,1387,902,1705,4604,1176,2173,2292,1531,3384,914,757,526,763,500,1647,788,417,729,1678,1071,944,848,297,491,178,137,266,300,443,481,755,1435,1489,371,325,458,359,331,244,242
2019/8/20,15,312,594,1437,2874,969,602,475,223,117,568,55,225,352,312,485,347,410,193,429,123,321,309,149,929,294,529,469,709,793,702,434,1469,850,1520,1366,471,1539,1189,966,752,1260,8474,2388,1284,966,1357,1229,1338,932,572,1391,294,322,778,291,112,122,463,372,477,1932,254,625,260,790,859,1255,2044,1714,1011,1777,4564,871,1758,1895,1125,2925,853,796,488,743,395,1503,781,362,694,1364,897,942,932,290,353,173,142,253,377,489,493,690,1231,1326,536,464,484,443,438,312,311
2019/8/20,16,355,641,1697,2866,1129,706,522,231,137,681,111,223,257,418,496,366,513,278,505,191,405,406,141,1080,251,581,624,977,941,913,559,1413,1083,1770,1436,407,2158,1515,1366,1173,980,9862,2484,1173,1108,1594,1736,1519,1324,709,1633,432,354,1090,359,191,99,564,663,516,2454,293,806,381,1090,1187,1538,2510,2211,1410,1915,4673,867,1832,2010,1134,2973,1085,926,564,1038,540,1563,783,462,722,1439,825,1078,1160,409,583,269,146,335,494,537,593,792,1239,1464,847,702,731,728,681,426,441
2019/8/20,17,436,1049,2413,3710,1653,1003,861,393,276,1073,187,265,325,721,863,589,700,367,912,282,694,739,214,1683,414,880,1128,1532,1556,1397,956,2287,1646,2521,1619,522,3858,2871,2404,2298,1085,14882,3467,1500,1477,2419,3056,2173,1939,902,2263,639,588,1504,311,340,138,742,810,792,2684,509,1256,634,2199,1875,2799,4150,3972,2670,2606,6575,1227,2124,2877,1516,4229,1633,1414,883,1842,815,2014,1361,565,873,2105,1278,1554,2236,724,1035,418,208,648,930,950,859,1225,1673,2097,1373,1089,1094,1246,1160,924,844
2019/8/20,18,461,1650,3870,5638,2503,1762,1616,633,461,2287,362,546,501,1072,1305,980,1267,746,1532,488,1263,1437,391,3073,661,1335,1820,2200,2657,2352,1441,2917,2384,3977,2356,682,6661,5082,4202,3560,1198,17144,5205,2168,2037,3329,4591,3296,2748,1509,3344,1001,891,2253,394,446,202,906,1265,1215,4008,966,1961,1129,3747,3548,4876,6152,6903,4644,3477,8191,1597,2987,4272,2389,6036,2555,2278,1277,2574,1120,2601,1999,780,1228,3187,1890,2416,3647,1285,1984,688,330,901,1650,1541,1239,1844,2290,2944,2375,2248,2455,2024,2147,1509,1650
2019/8/20,19,285,1074,2273,3627,1580,1140,1118,480,425,1738,339,441,390,717,816,655,935,542,1135,388,939,1171,252,2315,479,1375,1615,1951,1896,1715,1280,2175,1894,2742,1521,432,4872,4008,3656,3205,638,10223,3387,1471,1487,2234,3446,2419,2335,1251,2534,900,773,2166,356,475,215,896,1137,1449,3555,836,1686,859,3216,2916,3642,4683,5399,3394,2805,6005,849,1875,2516,1537,3778,1773,1658,1045,1649,632,1493,1296,519,800,1845,1128,1515,2467,1162,1677,487,255,730,1214,1295,908,1272,1495,1954,2206,1859,1854,1860,1630,1408,1361
2019/8/20,20,175,720,1179,1684,854,667,755,341,265,1012,208,303,250,485,413,391,582,372,707,269,593,651,151,1729,221,843,1164,1231,1264,1214,845,1216,1093,1634,765,266,3272,2323,2332,2000,318,7243,1682,931,865,1457,2334,1456,1336,790,1683,579,506,1460,239,286,174,530,791,1050,2494,618,1089,643,1913,1769,2272,2888,3287,2156,1826,4170,458,1127,1306,727,2110,1262,1191,843,1121,443,860,775,279,550,960,671,927,1438,683,871,329,173,392,775,730,579,945,892,1029,1072,1033,1161,1041,954,864,818
2019/8/20,21,125,619,1079,1231,780,605,669,367,328,938,187,320,264,537,418,376,501,343,642,243,596,565,127,1782,194,858,966,1227,1249,1165,834,1083,998,1507,740,268,3197,2273,2240,1939,288,6159,1199,717,837,1469,1777,1207,1304,751,1595,541,504,1215,240,317,269,615,742,808,1722,624,940,540,1971,1745,2061,2677,3078,2065,1760,3574,480,989,960,613,1746,1114,1225,810,1002,504,583,804,354,458,906,550,915,1312,554,712,294,175,391,693,623,586,987,839,941,1234,1020,1012,1019,1149,791,672
2019/8/20,22,99,548,818,776,601,486,525,288,206,685,165,217,272,412,306,324,472,324,545,177,457,572,92,1540,187,862,993,1097,1092,951,658,1003,778,1110,557,179,2763,2087,2022,1936,264,4169,793,615,670,1090,1309,1007,1113,642,1360,449,391,1060,214,227,97,515,607,823,1911,572,884,569,1771,1493,1763,2343,2662,1808,1445,2725,293,650,584,431,1275,918,956,745,663,344,486,635,225,339,613,408,830,842,635,729,271,114,321,699,684,473,768,681,676,1011,1080,1047,1042,966,757,787
2019/8/20,23,26,134,250,271,155,150,179,94,101,234,65,65,58,135,103,87,142,106,169,72,179,185,28,537,77,287,376,453,394,385,269,338,300,438,165,65,959,683,732,698,88,1194,305,177,204,256,395,362,403,213,466,134,168,376,113,96,70,223,287,400,824,284,359,187,730,583,611,614,968,653,576,1005,123,194,202,148,374,355,338,280,199,131,206,233,86,99,259,169,320,290,263,243,84,56,138,230,231,192,348,229,249,465,380,353,336,438,393,307
2019/8/21,0,7,69,90,86,70,64,78,49,28,102,28,28,40,39,41,61,63,31,76,16,53,64,2,233,4,94,121,147,151,136,110,117,114,154,63,26,303,287,261,267,28,228,142,67,91,132,150,126,194,96,177,82,57,137,19,51,20,90,120,131,326,118,66,92,245,190,267,229,336,234,177,307,52,73,81,45,92,131,116,99,57,67,129,109,36,31,93,48,117,108,109,144,40,21,46,118,122,77,111,84,85,147,161,154,168,143,121,126
2019/8/21,1,0,0,0,0,0,0,0,0,0,0,0,0,0,0,0,0,0,0,3,0,4,7,0,11,0,5,6,8,14,8,0,0,0,0,0,0,8,12,8,12,0,0,0,0,0,0,0,0,0,0,0,0,1,11,0,6,2,5,7,4,49,10,5,5,13,3,6,0,0,0,0,0,0,0,0,0,0,0,2,1,1,0,0,0,0,0,0,0,0,0,8,9,4,0,0,0,0,0,0,0,0,1,0,0,0,0,9,10
2019/8/21,5,0,0,1,0,1,0,0,0,0,0,0,0,0,0,0,0,1,0,0,0,0,0,0,1,0,0,0,0,1,0,0,0,0,2,0,0,0,0,0,1,0,1,0,0,0,0,0,3,1,0,1,0,1,0,0,0,0,0,0,0,0,0,0,0,0,0,0,0,0,0,0,6,0,0,0,0,0,0,0,0,0,0,0,0,0,0,0,0,0,0,0,0,0,0,0,1,0,0,2,0,0,0,0,0,1,0,0,0
2019/8/21,6,265,142,604,442,296,109,118,31,25,135,12,43,28,121,165,173,218,50,72,43,48,49,56,530,19,161,108,180,236,156,73,324,169,360,391,148,223,117,228,123,628,3198,289,545,591,541,479,437,320,201,668,77,80,319,147,47,68,147,95,77,201,151,575,86,155,284,152,647,379,134,339,426,496,366,438,275,852,228,155,284,339,164,262,193,144,270,539,323,351,301,70,92,48,92,85,86,70,241,276,500,268,84,113,66,133,93,83,65
2019/8/21,7,475,935,3609,1698,1613,693,601,98,81,777,46,190,160,563,515,1085,1114,271,271,87,304,270,398,2800,196,369,399,860,1042,662,282,1318,990,1823,2174,1145,719,439,847,366,3125,8567,1294,1872,1977,1683,1597,1671,1500,878,2611,219,342,893,486,191,297,659,443,320,758,1126,1034,324,731,1166,512,1781,1177,518,1062,1909,2090,1569,2118,1042,3775,868,657,1420,1275,802,1492,1253,408,955,3803,1924,1982,1230,354,594,315,635,277,384,195,809,996,2118,1417,251,388,179,223,198,334,250
2019/8/21,8,852,3019,12245,4228,4636,2279,1598,217,156,848,147,212,375,638,1430,6203,5073,367,407,156,671,412,2068,7604,462,345,715,1408,2731,1085,525,2650,1945,4709,5351,2088,1163,996,1293,618,5791,13153,4368,4322,4514,2816,2695,2177,2279,803,3139,380,1351,1163,321,346,799,1794,358,772,849,859,1043,370,606,1480,986,3552,1863,1605,1623,6213,4954,5398,5707,4215,11448,2032,1223,3018,1914,2945,6635,3992,1030,2168,13278,5619,5639,3476,439,402,446,1548,462,461,332,1513,2854,7542,3582,308,309,335,347,356,289,290
2019/8/21,9,489,1451,4938,3400,2718,1338,864,145,88,545,60,140,739,507,881,3790,2632,229,298,191,447,203,728,4919,560,364,373,765,1748,624,327,1860,1006,3062,2168,787,943,747,692,422,3447,8217,2934,2172,2135,1551,1741,1756,1146,720,2286,324,791,713,219,139,426,1163,368,437,1060,253,644,221,505,1191,797,1762,1255,1034,1187,3047,2431,3010,3170,2784,6779,1498,1059,1016,1208,1960,4480,1963,578,952,4323,2754,2774,2255,325,225,157,400,289,259,344,684,1478,3315,1780,238,187,256,265,280,219,147
2019/8/21,10,359,616,2248,3258,1242,651,422,152,58,422,55,118,1202,343,684,767,594,185,278,173,252,170,286,2423,266,394,326,593,820,507,266,1381,666,1554,1510,519,1047,642,572,373,2385,7364,2537,1715,1103,1104,1204,1646,1086,544,1734,219,254,625,365,106,164,562,337,343,1298,184,446,190,414,799,814,1531,989,716,1306,3113,1279,2006,2146,1806,3703,831,604,526,774,798,1704,927,366,670,2089,1210,1262,841,280,210,137,153,266,294,361,532,705,1470,1439,249,232,219,222,238,151,169
2019/8/21,11,371,527,2018,3325,1056,480,390,133,60,462,44,117,1123,286,766,469,513,129,298,112,217,226,244,1300,188,343,270,577,696,513,298,1400,735,1397,1637,499,1023,678,569,438,1589,8126,3011,1563,913,985,1057,1557,965,450,1337,199,233,672,336,72,135,383,286,365,1562,164,362,190,540,669,1107,1721,1208,717,1443,3999,1130,1822,2529,1504,3771,736,538,393,766,444,2058,848,302,684,2099,957,1036,696,252,232,145,119,211,276,295,508,650,1441,1618,404,243,266,255,290,211,173
2019/8/21,12,415,678,2092,3564,1153,668,421,205,106,467,63,131,776,399,644,524,435,217,401,135,306,309,188,1323,252,397,338,671,842,582,383,1677,848,1796,1667,491,1175,844,719,602,1685,9276,3206,1385,1222,1154,1093,1647,1099,592,1539,274,288,856,317,155,131,587,414,348,1935,200,455,237,522,693,1190,1926,1519,1006,1453,4621,1157,2111,2289,1442,3834,849,725,476,1046,501,1774,783,361,758,2042,1058,1154,1029,321,313,170,138,255,363,396,512,786,1357,1720,382,348,390,330,426,265,185
2019/8/21,13,416,720,2159,3287,1464,810,465,180,139,533,66,156,649,404,692,524,599,190,397,123,301,329,216,1748,226,385,428,660,826,720,347,1591,955,2020,1817,627,1344,935,826,591,2325,9046,2869,1611,1280,1245,1129,1741,1075,659,1744,274,340,796,396,147,169,442,380,423,1837,227,510,266,649,862,1392,2046,1447,1040,1505,5062,1426,2273,2591,1581,3901,840,786,575,928,504,1900,903,490,804,2085,1226,1124,951,288,393,238,147,223,339,461,566,790,1383,1755,426,350,411,350,377,252,257
2019/8/21,14,371,532,1689,3004,1107,614,353,180,76,467,56,142,313,297,543,380,433,191,344,153,283,276,180,1328,236,445,436,691,822,650,447,1272,802,1511,1339,498,1321,895,763,639,1653,8882,2612,1437,962,1078,861,1129,834,550,1373,259,247,638,259,123,96,397,396,401,1837,184,556,238,584,800,1112,1901,1300,871,1482,4182,1064,1849,2055,1222,3297,810,718,420,1045,421,1774,754,338,674,1605,1048,969,835,285,444,182,163,239,307,439,392,671,1202,1331,364,322,427,355,325,220,257
2019/8/21,15,329,528,1411,2493,852,582,437,177,91,439,74,116,131,272,381,317,408,153,394,120,290,299,170,1014,275,424,461,641,787,634,378,1101,754,1184,998,333,1546,953,960,753,1041,9483,2118,1125,820,1169,923,1171,819,491,1263,299,242,633,237,128,100,348,365,362,1257,263,577,307,744,989,1138,2127,1545,979,1322,3563,791,1391,1693,917,2754,833,618,435,1163,257,1264,734,281,568,1406,845,877,794,292,385,188,109,237,350,439,375,621,958,1058,434,404,522,444,461,295,289
2019/8/21,16,296,700,1613,2742,1140,681,545,266,161,682,97,200,184,418,466,463,518,307,560,187,507,470,160,1099,241,535,644,930,946,918,553,1401,1045,1718,1387,374,2130,1603,1462,1189,981,10711,2349,1138,1036,1668,1528,1395,1264,718,1679,418,357,1058,287,227,87,527,631,557,1880,341,846,395,1161,1208,1667,2840,2282,1505,1809,4777,827,1813,2031,1166,3167,1093,895,604,1535,455,1454,767,375,599,1596,886,1093,1210,437,585,243,143,340,554,597,568,821,1182,1438,904,673,652,747,655,490,510
2019/8/21,17,375,1009,2511,3772,1570,1026,812,353,266,1074,170,291,307,676,909,567,687,427,853,304,762,824,244,1672,376,844,1076,1573,1597,1404,953,2331,1570,2526,1638,497,3763,2709,2299,1891,1279,15055,3630,1499,1385,2269,2356,2104,1888,865,2253,595,541,1481,337,306,148,716,755,771,2413,510,1241,573,2131,1863,2616,4108,3815,2502,2608,6459,1349,2137,2922,1573,4283,1611,1403,852,2651,803,1979,1291,552,872,2107,1237,1606,2184,692,1126,386,233,601,921,979,852,1115,1536,2091,1344,1121,1145,1174,1183,848,758
2019/8/21,18,470,1663,3790,5651,2469,1712,1580,586,539,2114,326,521,530,1113,1349,992,1205,665,1472,529,1347,1387,469,2966,619,1361,1793,2228,2623,2373,1418,2963,2288,3803,2292,597,6266,5050,4121,3595,1151,17052,5107,2142,2188,3004,3891,3017,2997,1377,3324,967,883,2297,344,450,225,835,1293,1151,3914,960,1952,1073,3733,3473,4884,6133,6943,4607,3459,8236,2015,2890,4295,2574,5940,2490,2194,1174,2549,1044,2666,1993,716,1334,3323,2065,2254,3575,1276,1941,754,352,959,1674,1575,1175,1900,2330,3012,2417,2133,2395,2059,2063,1517,1602
2019/8/21,19,282,1074,2303,3499,1592,1134,1125,486,441,1706,311,484,345,717,792,655,902,543,1028,384,909,1081,248,2433,444,1285,1511,1714,1810,1700,1183,2128,1750,2623,1437,391,4859,3759,3363,3122,549,9916,3408,1485,1323,2054,3132,2299,2254,1176,2500,828,762,1973,309,394,178,851,1064,1340,3355,848,1656,943,3163,2939,3592,4576,5157,3307,2653,5736,912,1954,2634,1577,3720,1675,1682,960,1684,637,1449,1307,461,774,1926,1155,1423,2328,1136,1638,460,269,713,1113,1222,868,1378,1525,1864,2092,1846,1796,1751,1593,1409,1332
2019/8/21,20,175,628,1108,1671,859,580,661,315,242,938,215,287,227,427,454,346,544,331,681,253,592,640,161,1583,245,894,1087,1286,1152,1182,895,1202,1031,1566,719,264,2997,2289,2201,1918,323,6807,1719,829,806,1475,2403,1360,1309,709,1632,591,536,1386,265,327,152,531,800,943,2333,573,1127,570,1819,1718,2138,2852,2989,2030,1769,4170,495,1095,1241,716,2150,1107,1161,779,1037,448,840,741,362,508,900,588,853,1495,619,838,271,154,336,770,686,591,920,868,1115,1066,1098,1108,940,912,816,782
2019/8/21,21,165,602,1033,1132,754,557,676,346,278,927,209,297,278,538,401,399,535,355,644,253,577,641,112,1820,200,911,1110,1316,1221,1230,848,1104,975,1597,669,300,3325,2363,2322,1984,301,6538,1278,768,879,1479,1844,1268,1330,797,1549,509,505,1256,215,314,258,565,721,899,1717,659,920,584,1790,1723,2243,2781,3378,2114,1842,3818,498,1007,1043,600,1874,1166,1223,905,980,413,666,731,325,455,945,531,930,1280,686,742,249,153,416,726,717,560,957,881,941,1124,971,989,1005,1142,783,674
2019/8/21,22,81,531,823,875,552,511,525,312,219,757,199,259,241,422,309,296,502,324,574,187,539,599,80,1577,225,810,1023,1056,1130,964,701,1004,771,1162,541,206,2763,2078,2137,1991,197,4149,850,587,643,1059,1391,1020,1125,669,1363,516,401,1069,197,247,135,502,565,765,1919,582,934,594,2089,1515,1814,2347,2777,1760,1531,2731,382,663,640,443,1461,932,917,739,667,458,575,606,283,405,655,456,798,929,570,743,235,137,340,669,727,459,823,768,679,1105,1137,1211,1091,913,748,838
2019/8/21,23,16,167,291,283,188,124,197,126,118,234,52,73,77,166,118,113,165,106,207,79,179,184,30,588,97,288,406,478,398,380,275,314,290,450,194,72,975,741,667,731,87,1277,328,208,234,359,446,331,396,241,452,171,184,426,101,95,65,216,247,368,878,290,408,194,781,604,678,662,982,697,516,1034,114,218,242,172,497,391,392,309,199,155,286,256,75,119,215,187,310,274,289,274,71,68,147,250,231,185,326,328,272,443,403,363,391,463,401,347
2019/8/22,0,5,77,110,103,82,66,69,46,29,112,32,32,41,61,31,36,67,50,58,29,66,55,6,247,17,89,131,165,143,126,123,145,80,185,54,28,352,299,244,267,35,217,155,77,92,81,134,138,192,103,205,77,47,137,27,35,26,83,120,134,387,121,70,96,256,189,299,286,324,226,202,372,43,78,99,62,143,126,121,86,57,64,136,93,45,31,86,35,103,111,103,141,42,25,55,102,127,62,126,95,101,126,167,164,168,133,116,145
2019/8/22,1,0,0,0,0,0,0,0,0,0,0,0,0,0,0,0,0,0,0,6,1,6,3,1,13,0,8,6,13,9,7,1,0,0,0,0,0,0,14,9,12,0,0,0,0,0,0,0,0,0,0,0,0,1,17,0,1,0,3,5,11,61,5,9,2,11,5,7,0,0,0,0,0,0,0,0,0,0,0,3,4,0,0,1,0,0,0,0,0,0,0,11,9,2,0,0,0,0,0,0,0,0,0,0,0,0,0,13,10
2019/8/22,5,0,0,0,0,0,0,0,0,0,1,0,0,0,0,0,0,0,0,0,0,2,0,0,0,0,1,0,0,0,0,0,1,0,0,0,0,0,0,0,0,0,1,0,0,0,0,0,5,1,0,3,0,0,1,0,0,0,0,0,0,1,0,0,0,0,0,0,0,0,0,0,3,0,0,1,0,0,0,1,1,0,0,0,0,0,0,0,0,0,0,0,0,0,0,0,0,0,0,0,0,0,1,0,0,0,0,0,1
2019/8/22,6,265,158,582,428,376,117,132,29,26,134,9,63,40,172,164,194,255,144,61,42,59,41,56,450,6,178,132,192,271,161,74,327,203,361,359,130,218,126,233,128,638,3354,335,531,439,536,445,440,312,170,667,76,90,461,159,45,72,167,95,92,268,136,540,113,166,284,178,711,374,145,350,402,369,370,435,257,842,238,142,251,355,163,258,227,143,255,600,318,357,337,84,113,61,82,113,98,73,207,272,504,299,76,72,62,114,100,82,88
2019/8/22,7,515,905,3619,1709,2165,695,634,97,74,642,50,195,196,723,559,1086,1444,651,266,74,308,257,399,2196,50,485,414,871,1029,598,278,1447,1030,1881,2168,1158,699,432,851,332,3076,8709,1374,1877,1637,1733,1457,1525,1351,834,2231,222,385,936,492,204,303,600,449,296,749,1105,995,317,521,1161,610,1964,1196,513,1003,1949,2064,1581,2029,1047,3869,1278,637,1323,1316,827,1432,1223,457,978,3781,1841,1886,1227,332,595,311,609,276,416,226,732,1073,2173,1473,253,274,221,201,186,319,259
2019/8/22,8,791,2772,11350,3442,4392,1995,1506,208,139,727,150,254,525,629,1496,5965,4820,321,393,152,612,354,1987,7274,110,417,639,1360,2697,1052,541,2561,1873,4603,5068,1916,1153,941,1351,624,5451,12687,4251,4082,4454,2871,2598,2085,2284,758,2768,356,1401,1011,319,365,867,1736,393,679,951,860,1046,363,659,1369,1103,3473,2243,1464,1594,5254,4437,5788,4786,3230,9411,1728,1064,2710,1637,2878,6415,3756,931,2080,12641,5262,5155,3302,372,381,443,1546,480,550,328,1446,2773,7007,3394,344,333,291,362,347,283,290
2019/8/22,9,451,1605,5684,3699,2884,1456,966,192,91,456,57,140,722,522,998,4010,2824,227,327,146,432,222,809,5880,132,441,392,818,1797,696,355,2200,1098,3221,2536,883,984,793,796,407,3428,8605,3112,2237,2309,1478,1969,1750,1234,703,2282,327,877,769,317,108,405,1245,348,496,1043,293,681,267,551,1409,824,1809,1312,1160,1416,3723,2769,3507,3815,3466,7968,1710,1090,1471,1405,1998,4681,2249,590,1091,4935,3274,3319,2330,246,196,176,370,285,297,327,728,1545,3551,1862,274,239,259,273,260,214,171
2019/8/22,10,409,632,2197,3557,1246,561,429,169,48,384,46,98,1141,349,676,816,643,111,308,96,249,164,237,3143,141,426,285,539,781,559,251,1671,675,1720,1827,499,975,588,511,420,2392,7495,2543,1635,1120,1157,1241,1610,1065,540,1717,214,282,667,358,107,151,468,342,412,1414,167,429,218,475,819,844,1496,1077,723,1418,3342,1352,2108,2251,1926,3963,854,622,577,742,830,1816,851,390,813,2100,1314,1260,749,221,248,136,141,249,280,386,502,743,1695,1644,224,260,245,220,256,169,170
2019/8/22,11,330,531,2025,3429,1129,514,412,162,67,409,39,154,1049,341,745,488,497,128,271,86,193,179,214,1751,171,382,338,557,701,544,289,1548,716,1466,1763,461,1145,736,534,495,1544,7912,3264,1602,978,1043,996,1649,999,426,1353,186,218,666,344,103,137,358,323,369,1664,209,347,204,506,628,1066,1706,1194,762,1346,4000,1155,1786,2384,1636,3666,786,537,440,799,442,2024,907,328,651,2158,1008,1180,718,271,255,155,130,224,268,354,508,756,1409,1686,298,266,293,249,312,180,197
2019/8/22,12,395,633,2104,3931,1175,676,471,197,94,436,62,131,657,390,558,536,469,166,459,125,253,320,252,1696,225,381,392,637,800,650,332,1771,866,1881,1598,493,1270,893,741,564,1614,9592,3340,1357,1177,1054,1142,1642,1073,552,1449,253,278,752,384,130,95,456,416,358,1843,198,475,240,550,736,1233,1883,1493,978,1502,4613,1196,1967,2393,1564,3923,974,745,496,1171,484,1946,798,321,738,1951,1121,1112,862,270,360,169,144,297,376,389,548,765,1466,1754,351,356,363,318,395,226,208
2019/8/22,13,399,700,2117,3374,1594,655,439,190,79,481,78,145,659,439,650,592,591,170,363,121,263,287,226,2040,222,424,451,656,845,631,399,1878,1044,1974,1861,604,1433,956,794,629,2288,9135,3048,1698,1207,1335,1203,1715,1114,599,1713,266,314,758,350,119,158,460,369,437,1814,228,556,261,630,839,1274,2072,1533,1033,1606,4949,1434,2317,2430,1644,4037,825,800,664,1002,470,2174,921,473,851,2090,1259,1146,965,303,379,206,185,236,330,418,542,836,1407,1837,440,377,451,369,344,317,220
2019/8/22,14,364,642,1803,3198,1059,657,479,219,84,534,63,133,643,365,540,398,477,174,432,124,293,251,160,1890,208,472,426,619,789,628,412,1532,943,1625,1670,583,1377,1032,800,647,1827,8771,2653,1511,1102,1239,1133,1463,1064,597,1515,226,312,730,322,126,115,482,377,382,1810,210,573,259,622,864,1173,1879,1388,933,1661,4775,1189,2259,2258,1378,3243,820,773,578,1038,538,1817,703,455,799,1712,1054,1015,875,258,349,197,195,225,339,464,520,777,1337,1357,353,387,416,396,367,259,269
2019/8/22,15,350,592,1602,2939,1070,581,426,210,96,539,64,135,336,394,523,368,416,231,415,150,297,324,147,1252,276,498,457,753,818,657,441,1389,853,1520,1574,461,1543,1122,1031,751,1311,9162,2597,1244,963,1308,1222,1326,987,567,1395,285,269,779,356,140,107,400,372,488,1931,257,648,251,838,934,1207,2084,1639,1235,1798,4522,871,1994,1975,1183,3058,921,743,502,1213,436,1724,848,369,695,1517,1057,987,976,320,386,201,127,288,391,437,517,681,1331,1365,479,376,485,438,460,329,302
2019/8/22,16,344,734,1733,3040,1187,695,581,288,173,703,102,224,241,450,615,433,546,312,546,214,505,489,190,1231,210,583,675,888,962,948,535,1578,1089,1655,1415,385,2177,1540,1378,1112,934,10892,2589,1100,1063,1692,1549,1604,1281,666,1676,424,391,1049,393,196,104,553,614,565,2488,330,811,444,1074,1060,1623,2656,2314,1560,2010,4903,901,1890,2286,1217,3234,1086,1000,643,1953,618,1622,828,427,792,1622,1005,1093,1249,394,539,249,167,364,506,532,582,779,1349,1557,823,554,615,660,716,489,458
2019/8/22,17,445,1060,2617,4032,1686,999,949,329,270,1238,191,311,328,657,910,654,783,437,936,327,789,830,258,1782,309,980,1002,1552,1668,1453,975,2531,1662,2616,1999,524,3851,2808,2392,2078,1208,15839,3877,1583,1459,2414,2737,2162,2091,924,2277,610,578,1482,325,292,143,725,731,846,2968,519,1377,662,2204,1931,2834,3904,3896,2676,2784,6541,1498,2326,2994,1819,4444,1699,1636,930,3123,808,2140,1432,624,945,2185,1463,1715,2201,674,1151,389,245,601,893,991,857,1200,1551,2069,1393,1250,1186,1193,1176,940,779
2019/8/22,18,454,1718,4038,5892,2511,1647,1536,566,498,2207,339,560,470,1084,1602,949,1259,675,1547,483,1256,1326,383,3082,437,1358,1752,2161,2543,2318,1299,3036,2269,3884,2615,755,6483,4922,4050,3635,1273,17505,5417,2215,2064,3059,3940,3147,2781,1560,3260,987,888,2322,370,438,191,873,1278,1203,3908,920,1868,1062,3701,3404,4883,6398,6952,4557,3595,8643,1860,3069,4335,2743,5889,2452,2333,1411,2602,1180,2632,1962,770,1217,3259,2170,2359,3562,1267,1924,770,337,964,1597,1578,1258,1941,2410,2927,2327,2214,2423,2047,2097,1546,1573
2019/8/22,19,262,1047,2300,3757,1551,1104,1176,441,425,1672,314,453,422,757,906,708,901,564,1125,413,915,1126,249,2351,462,1271,1403,1831,1943,1686,1197,2128,1762,2553,1491,419,4704,3802,3463,3008,631,10426,3459,1565,1422,2293,3374,2439,2312,1230,2559,835,812,2000,363,438,190,817,1072,1349,3390,828,1633,933,3100,2929,3586,4602,5064,3278,2610,6150,931,1975,2983,1679,3736,1770,1675,1105,1708,695,1548,1358,526,810,1818,1213,1453,2370,1122,1537,505,259,709,1126,1233,893,1308,1527,1877,2016,1778,1729,1737,1517,1351,1272
2019/8/22,20,184,638,1126,1655,915,644,676,329,270,993,220,298,272,484,488,351,489,336,674,256,611,646,156,1626,211,940,1092,1267,1248,1244,829,1158,1067,1634,759,326,3130,2286,2216,1982,331,7455,1810,907,886,1581,2470,1441,1357,775,1701,562,533,1444,232,283,125,563,862,1022,2357,665,1116,608,1887,1812,2199,2897,3152,2132,1939,4217,520,1041,1402,724,2058,1060,1121,805,1157,507,976,798,371,494,982,643,906,1595,595,894,303,158,360,738,795,652,934,880,1005,1070,1079,1186,968,930,817,835
2019/8/22,21,182,697,1155,1325,858,617,624,379,272,962,191,330,238,563,445,366,583,370,692,269,634,666,146,1956,204,992,1138,1300,1304,1228,876,1224,1070,1573,805,298,3321,2397,2235,2001,281,7051,1212,770,866,1521,1949,1257,1404,741,1668,575,506,1339,255,289,137,589,739,868,2089,652,1018,563,1988,1758,2235,2837,3313,2155,1838,3841,497,992,1050,614,2042,1224,1287,884,1043,530,755,733,346,459,882,557,959,1454,683,767,275,163,429,735,690,631,1071,949,1000,1207,982,1039,1072,1185,800,705
2019/8/22,22,84,545,817,807,653,518,545,339,244,751,175,237,292,401,321,373,534,302,604,226,512,672,95,1613,255,818,1038,1111,1252,960,742,1075,745,1132,549,202,2822,2155,2200,2114,240,4435,888,626,658,1127,1467,1068,1174,669,1473,489,449,1186,212,266,119,531,609,875,1868,618,928,652,2003,1598,1937,2582,3011,1940,1513,2867,366,713,658,491,1515,1051,1023,785,706,454,665,676,223,421,718,431,895,1021,648,802,281,159,341,663,726,511,793,707,758,1103,1160,1161,1132,927,820,818
2019/8/22,23,18,162,328,301,239,163,181,109,118,240,86,73,79,167,118,121,151,115,209,77,210,192,21,600,93,310,430,521,436,428,339,339,295,411,211,72,1019,743,742,789,95,1319,344,227,257,325,470,366,434,194,528,183,194,449,95,123,62,281,277,402,935,307,409,206,827,631,701,787,1009,711,554,1085,159,248,295,161,497,374,400,298,205,181,350,306,99,113,259,226,354,284,294,294,90,68,142,217,291,168,391,247,283,524,418,376,393,485,437,371
2019/8/23,0,6,121,162,190,151,68,98,61,28,166,56,61,46,83,69,87,96,88,119,40,87,99,21,403,18,153,195,221,255,204,160,216,150,227,94,29,531,413,382,420,35,301,211,138,146,170,173,155,270,142,312,112,89,200,27,68,26,99,158,202,540,171,152,133,403,288,412,338,471,330,248,575,42,127,209,72,209,216,213,138,79,106,191,173,45,31,143,84,166,177,174,233,62,45,60,181,163,98,159,119,128,232,252,219,251,215,209,214
2019/8/23,1,0,0,0,0,0,0,0,0,0,0,0,0,0,0,0,0,0,0,13,3,5,6,0,9,0,4,8,13,14,12,0,0,0,1,0,0,4,13,11,14,0,0,0,0,0,0,0,0,0,0,0,0,3,22,0,2,1,8,10,18,85,11,8,6,16,6,10,6,0,0,0,0,0,0,0,0,0,0,1,7,2,3,1,0,0,0,0,0,0,0,13,19,5,0,0,0,0,0,0,0,0,1,0,0,0,0,9,13
2019/8/23,5,0,0,0,0,0,0,0,0,0,0,0,0,0,0,0,0,0,0,0,0,1,0,0,1,0,1,0,0,0,0,0,0,0,0,1,0,1,0,0,0,1,1,0,0,1,0,0,6,1,1,3,0,0,1,0,0,0,0,0,0,1,0,0,0,0,0,1,1,0,0,0,1,0,1,0,0,2,0,0,0,0,0,1,0,0,0,1,0,0,0,0,0,0,0,0,0,0,0,0,0,0,0,0,0,0,0,0,0
2019/8/23,6,316,144,595,486,339,134,109,44,22,145,13,56,46,146,155,180,258,120,70,45,50,47,62,439,10,150,122,165,214,158,75,340,188,373,337,152,338,179,235,118,668,3310,298,522,418,567,468,573,309,138,644,65,78,428,171,47,88,151,106,85,270,127,550,96,133,265,186,656,396,170,332,474,380,373,431,266,986,192,153,254,338,157,319,195,139,259,524,323,382,286,73,128,60,85,107,105,61,189,216,489,302,93,71,69,114,83,91,85
2019/8/23,7,431,926,3554,1684,2108,700,605,102,71,644,41,190,166,674,541,1084,1366,646,269,75,326,261,394,2234,50,392,407,748,1069,634,277,1370,1046,1684,2110,1184,867,619,779,321,3105,8671,1347,1947,1553,1662,1239,1793,1442,718,2236,215,362,1047,511,185,279,532,417,280,547,1088,1098,315,413,1120,566,1848,1194,506,935,2022,2036,1498,1970,1000,3800,1146,624,1383,1264,731,1482,1262,440,977,3750,1904,1844,1206,329,603,287,612,334,388,198,722,922,2113,1489,258,199,223,228,226,304,257
2019/8/23,8,778,2922,11724,4047,4501,2109,1512,186,152,725,145,234,401,617,1508,5949,4929,383,431,181,608,374,1996,7963,112,370,642,1346,2626,1016,529,2549,1817,4489,5300,1905,1207,1004,1311,612,5712,13067,4210,4036,4367,2904,2503,2072,2313,732,2761,365,1300,1107,298,295,757,1719,370,645,796,863,1024,351,610,1328,965,3438,1864,1431,1633,5684,4681,5291,5584,4137,11119,2003,1241,2995,1920,2841,7009,3978,1006,2199,12921,5516,5460,3413,393,396,453,1500,501,492,372,1512,2866,7372,3475,322,302,330,481,356,254,289
2019/8/23,9,491,1346,4977,3390,2602,1252,916,152,63,549,49,148,799,453,902,3612,2548,230,288,180,421,183,723,6288,109,425,348,712,1654,628,386,1855,1153,2857,2342,769,1026,766,705,412,3313,8598,2876,2285,1956,1486,1628,1869,1206,689,1907,298,814,781,271,160,397,1087,323,322,889,263,633,225,467,1191,824,1715,1140,1106,1244,3152,2277,2922,3111,2721,6657,1446,907,1091,1206,1766,5783,1885,536,946,4433,2833,3026,2107,283,273,168,375,283,274,380,770,1336,3260,1753,232,201,244,318,266,196,146
2019/8/23,10,321,684,2237,3400,1267,654,440,151,54,418,31,107,1329,380,720,765,634,209,290,104,212,161,262,3584,126,361,268,471,836,583,274,1402,661,1488,1864,478,952,654,580,384,2574,7553,2584,1761,1041,1189,1276,1757,1065,583,1596,211,243,745,367,107,140,472,418,340,1381,162,394,188,365,762,858,1574,1126,727,1302,3336,1203,1999,2099,1841,4207,863,575,485,715,804,3520,922,408,820,2183,1274,1404,833,205,196,136,135,231,216,341,556,709,1527,1654,269,229,248,229,234,147,159
2019/8/23,11,360,501,2082,3625,1190,548,440,145,78,374,65,124,974,278,756,433,467,166,317,103,270,226,280,1906,220,387,320,597,679,544,291,1480,732,1461,1740,463,1221,687,536,465,1482,8756,3165,1629,972,1067,986,1698,1034,414,1319,206,238,767,347,81,112,343,338,360,1588,165,359,231,448,621,1054,1793,1231,766,1462,4433,1119,2151,2583,1659,3979,749,551,395,1016,485,3889,879,442,638,2106,924,1166,774,279,314,148,118,240,236,349,523,710,1495,1752,334,259,302,263,320,174,188
2019/8/23,12,395,623,2187,4125,1411,669,429,195,90,408,46,141,693,366,656,559,496,184,388,118,311,378,250,1947,241,424,370,627,841,706,427,1760,917,1739,1767,461,1279,956,767,618,1538,10735,3388,1362,1206,1266,1127,1711,1135,527,1419,260,301,813,361,129,100,407,422,313,1868,194,464,247,596,744,1273,2099,1560,1065,1627,4779,1253,2208,2650,1742,4175,890,812,496,1324,541,2789,835,465,790,2055,1167,1173,953,293,377,196,120,284,331,422,598,717,1467,1890,488,419,403,358,503,237,209
2019/8/23,13,446,689,2278,3849,1400,663,491,215,106,540,51,164,595,405,722,573,549,217,392,116,346,294,272,2451,201,445,438,698,829,696,433,1786,1048,2108,1959,603,1468,909,839,644,2150,10755,3182,1510,1305,1317,1253,1737,1185,607,1594,274,329,766,385,168,151,507,363,425,1644,255,559,255,698,1019,1434,2140,1460,989,1865,5369,1361,2698,2714,1672,4342,937,813,560,1161,516,3132,968,512,832,2071,1355,1196,908,289,453,236,135,304,422,471,605,843,1415,1817,460,390,437,372,461,297,241
2019/8/23,14,494,579,1908,3456,1229,706,493,202,87,545,59,149,573,370,604,488,476,206,399,124,321,325,175,2258,193,483,448,657,818,676,449,1640,874,1651,1606,567,1463,1032,903,716,1779,10076,3025,1490,1066,1372,1163,1487,1308,566,1542,301,319,809,332,151,102,451,394,368,2061,201,608,312,667,900,1255,2026,1506,1041,1774,5149,1096,2367,2393,1426,3934,939,776,580,1223,511,2575,870,456,809,1648,1085,1044,897,330,373,215,165,253,341,522,560,783,1390,1602,429,409,466,402,370,303,279
2019/8/23,15,356,638,1532,3062,1066,594,512,196,119,543,77,166,435,332,475,361,416,217,433,172,343,394,156,1416,272,460,542,795,846,755,494,1445,903,1458,1466,469,1654,1287,1093,893,1308,10710,2762,1301,934,1374,1172,1474,1098,553,1492,303,293,759,344,142,94,445,387,539,2026,326,691,279,893,992,1413,2484,1730,1221,1857,4621,913,2204,2150,1195,3356,1041,768,522,1733,489,2251,808,423,780,1485,906,956,956,316,447,252,148,286,382,461,539,675,1317,1415,564,439,537,543,520,391,331
2019/8/23,16,491,790,1932,3264,1230,774,608,251,164,723,125,205,327,520,613,453,529,243,579,226,526,461,195,1400,218,613,635,937,1007,934,659,1622,1126,1744,1604,410,2213,1659,1475,1220,988,13211,2871,1229,1100,1680,1584,1764,1537,665,1823,444,406,1111,489,239,126,561,679,572,2806,340,906,442,1224,1137,1731,2998,2505,1565,2073,5231,889,2031,2272,1391,3754,1243,1039,671,2518,681,1808,842,500,805,1665,1051,1216,1173,434,609,275,169,412,552,590,618,943,1330,1650,866,634,806,720,702,431,535
2019/8/23,17,461,1015,2904,4608,1843,1093,891,335,242,1125,195,307,249,664,1027,763,823,430,868,298,729,809,287,1682,331,873,1128,1559,1657,1370,975,2444,1649,2626,2020,489,3936,2814,2324,1998,1154,19783,4295,1647,1509,2408,2813,2365,2121,811,2183,551,554,1485,329,266,148,722,723,833,2881,545,1286,653,2140,1849,2945,4632,3944,2575,2727,7387,1440,2607,3429,1924,5460,1778,1594,918,3772,900,2315,1510,551,1094,2193,1351,1565,2269,672,1156,452,263,585,845,974,843,1284,1865,2135,1411,1164,1110,1196,1172,877,792
2019/8/23,18,542,1759,4281,7183,2646,1702,1584,579,471,2050,288,487,473,1064,1569,931,1188,686,1448,430,1186,1338,476,2995,451,1230,1656,2220,2682,2402,1253,3121,2439,3926,2664,725,6108,4591,3760,3346,1301,22692,6543,2510,2122,2997,4145,3125,3152,1383,3198,851,889,2294,384,423,182,838,1132,1131,3946,902,1880,1112,3569,3278,4875,6610,6667,4395,3626,9913,1916,3392,5300,2958,7568,2517,2316,1276,3261,1099,3019,2321,800,1355,3395,2099,2344,3656,1176,1935,730,380,911,1416,1514,1300,2030,2672,3194,2133,1969,2304,1985,2031,1459,1468
2019/8/23,19,323,1155,2657,4680,1770,1131,1163,434,391,1575,300,451,379,721,915,665,854,495,1129,361,954,1027,308,2208,405,1310,1320,1731,2043,1750,1218,2644,1901,2783,1621,430,4723,3663,3175,2955,670,14189,4526,1732,1549,2117,3666,2628,2382,1093,2615,800,771,1954,402,373,146,853,1071,1259,3388,790,1713,923,3033,2682,3720,5235,4974,3251,2656,7576,1077,2401,3827,2126,5495,1765,1651,1105,2158,725,1941,1767,527,991,2245,1422,1642,2429,1117,1441,451,291,743,1081,1346,941,1498,1800,2145,1960,1715,1654,1682,1564,1314,1190
2019/8/23,20,209,583,1265,2224,895,669,659,303,262,904,180,290,228,429,519,406,515,323,645,204,636,658,123,1657,197,872,1181,1265,1272,1306,824,1500,1116,1596,760,285,3074,2285,2249,2018,342,9533,2209,894,897,1517,2601,1562,1380,689,1677,595,489,1472,267,280,168,570,788,974,2460,688,1215,628,1968,1756,2365,3044,3170,2119,1899,4941,563,1245,1772,894,2917,1066,1152,768,1263,467,1094,973,334,587,1028,661,977,1677,593,870,307,152,404,763,756,648,1001,919,1193,1098,1067,1167,998,983,831,876
2019/8/23,21,169,731,1240,1558,888,665,691,363,285,912,192,276,265,500,397,360,549,378,688,281,583,599,143,1951,227,1010,1103,1312,1279,1255,908,1277,1115,1703,809,246,3222,2476,2295,2104,298,8156,1580,858,899,1622,2052,1324,1484,776,1801,581,508,1395,242,293,132,608,756,951,2247,606,1106,617,2102,1737,2304,3050,3230,2191,1862,4656,523,1098,1344,721,2572,1199,1267,958,1269,471,870,880,414,509,1037,670,948,1503,676,840,263,187,465,696,673,653,983,992,1050,1393,1057,1110,988,1169,870,690
2019/8/23,22,124,672,1027,1155,782,537,675,366,272,882,177,311,258,437,388,434,665,391,782,291,655,716,83,1980,241,915,1100,1289,1478,1121,811,1169,862,1350,672,236,3247,2522,2421,2284,245,5864,1179,668,823,1414,1789,1249,1390,796,1736,601,552,1327,267,299,171,633,690,949,2101,799,1262,684,2179,1814,2375,2982,3349,2265,1694,3731,532,841,1087,582,1937,1235,1247,941,962,520,678,856,295,450,909,589,1038,1167,714,925,282,170,428,843,850,579,998,919,874,1266,1375,1356,1363,1132,856,909
2019/8/23,23,38,243,423,502,320,256,290,145,130,379,88,102,93,195,167,193,232,162,292,126,237,299,53,877,113,418,596,676,600,538,409,444,409,608,282,85,1386,1122,1122,1106,124,1874,398,317,321,481,633,509,549,327,711,274,252,665,148,149,69,369,397,581,1272,413,592,303,1083,889,954,1052,1430,1024,674,1625,206,348,510,308,706,542,572,408,331,265,427,417,113,149,390,278,498,433,442,435,143,92,241,359,390,299,451,421,361,717,599,580,562,611,581,488
2019/8/24,0,4,109,134,165,98,94,114,55,34,104,25,40,26,58,57,76,91,66,113,23,70,72,12,329,15,140,182,171,164,168,154,188,128,211,78,26,409,348,277,360,25,304,193,124,146,152,177,145,201,121,269,97,90,193,35,52,26,98,142,140,398,136,91,92,262,232,339,289,396,294,193,436,47,98,175,69,146,182,184,105,70,77,141,137,39,35,104,84,150,151,136,182,71,36,85,173,146,78,157,124,134,184,190,183,179,168,169,167
2019/8/24,1,0,0,0,0,0,0,0,0,0,0,0,0,0,0,0,0,0,0,8,1,6,10,0,7,0,6,10,6,10,7,0,0,0,0,0,0,9,11,5,11,0,0,0,0,0,0,0,0,0,0,0,0,1,20,0,6,1,9,7,12,59,10,6,2,15,6,14,0,0,0,0,0,0,1,0,0,0,0,1,0,4,6,0,1,0,0,0,0,0,0,4,13,6,0,0,0,0,0,0,0,0,0,0,0,0,0,9,10
2019/8/24,5,0,0,0,0,0,0,0,0,0,0,0,0,0,0,1,0,0,0,1,0,2,0,0,0,0,1,0,0,0,2,0,1,0,1,0,0,0,0,0,0,0,2,0,0,0,0,0,4,1,0,0,0,0,0,0,1,0,0,2,1,0,0,0,0,0,0,0,0,1,0,0,1,0,1,0,0,1,1,0,0,0,0,0,0,0,0,0,2,0,0,0,0,0,0,0,0,0,0,0,0,0,0,0,1,2,0,0,0
2019/8/24,6,138,88,210,329,166,83,80,23,23,77,20,31,53,49,97,70,92,26,49,41,28,43,34,280,13,105,107,76,147,87,51,184,136,211,153,51,175,93,157,119,249,2436,221,310,275,279,288,237,138,92,388,41,68,225,52,32,45,79,61,85,186,87,507,112,107,180,114,402,316,141,253,290,286,221,208,183,458,108,127,124,194,109,138,112,103,190,207,265,166,195,36,46,38,42,83,66,63,117,126,267,168,58,43,49,67,61,68,50
2019/8/24,7,233,225,501,594,283,199,181,50,42,341,23,197,207,176,158,168,174,61,139,85,96,109,121,814,46,284,205,230,562,277,107,495,300,582,491,173,389,219,300,263,853,4502,420,707,452,537,613,590,376,275,836,95,190,310,132,61,75,252,219,227,473,219,604,138,217,373,360,819,492,244,560,776,685,499,505,300,920,254,354,276,279,207,469,315,176,263,431,594,355,419,130,110,76,96,227,152,125,388,274,414,497,164,101,131,149,181,122,101
2019/8/24,8,227,401,1284,1094,900,611,271,121,52,551,39,214,306,427,395,238,513,108,244,96,242,149,85,2915,60,246,222,364,913,440,211,1285,719,1766,1165,352,692,490,365,379,1107,8263,1112,1328,769,1064,1104,1054,636,422,1207,132,331,598,241,114,118,323,314,260,1395,171,509,214,301,430,686,1259,851,454,812,1900,1327,957,980,737,1592,551,449,345,451,300,913,532,422,568,930,960,731,569,163,201,120,126,205,300,258,358,412,961,1250,227,177,196,236,209,170,130
2019/8/24,9,218,447,1651,2422,1287,563,308,152,66,683,58,225,640,363,882,291,364,113,291,128,181,192,121,2724,84,339,325,393,777,518,315,1325,721,1851,1714,356,1007,582,472,374,1338,8142,1922,1620,1021,1543,961,1714,921,502,1124,179,474,630,275,153,77,354,347,386,1156,171,615,172,344,492,897,1462,995,655,1084,2552,1311,1614,1638,1271,2431,705,468,313,560,342,2917,705,495,604,1195,1047,905,600,191,289,119,105,233,404,345,540,641,1224,1454,235,196,233,195,275,182,140
2019/8/24,10,255,355,1479,3475,1023,453,391,161,66,575,52,203,861,255,1214,301,283,110,327,108,160,222,137,2474,134,417,289,430,609,588,302,1186,681,1418,1685,247,1145,702,503,452,1059,8651,2829,1798,991,2087,1117,1803,1094,470,1170,170,231,791,372,120,83,355,407,467,1740,177,420,269,431,592,974,1787,1110,711,1377,3572,1167,2255,1980,1670,3771,698,501,329,773,397,4206,668,572,776,1292,817,999,621,241,277,167,79,255,423,364,586,752,1247,1581,326,218,235,299,400,175,186
2019/8/24,11,257,566,1925,4182,1050,483,446,223,53,509,45,167,952,355,1190,261,282,136,357,109,227,317,282,1951,285,398,309,528,710,652,376,1784,805,1586,1821,244,1223,863,633,583,844,10148,3995,1801,1016,1854,1193,1822,1221,415,1106,220,256,746,450,101,69,318,381,421,1981,146,481,165,505,565,1383,2207,1404,900,1568,5223,1219,2539,2869,1954,4667,741,569,302,1013,459,4945,895,510,789,1638,1060,1108,803,392,329,236,88,301,422,444,655,857,1594,1965,363,274,391,283,337,213,217
2019/8/24,12,274,673,1926,4464,1275,833,502,219,91,512,82,172,680,394,905,288,359,155,417,99,248,304,252,1590,216,442,313,625,757,718,489,2499,970,1893,1933,277,1415,1107,744,742,926,11711,4187,1567,1355,1912,1147,1821,1224,407,1118,259,312,776,464,148,57,457,387,493,2251,267,455,218,686,703,1503,2317,1716,1045,1711,5679,1351,3027,2926,2139,4680,803,641,373,1177,443,4057,902,546,848,1981,1279,1080,853,328,403,250,92,247,408,483,625,846,1571,2187,408,386,483,381,445,259,265
2019/8/24,13,283,775,2189,4405,1421,782,534,244,102,426,94,166,451,411,849,357,421,209,430,110,276,350,255,1693,277,447,403,652,851,820,504,2513,1161,2144,2189,321,1574,1206,855,815,1058,12933,4416,1540,1473,2233,1125,1789,1187,488,1217,316,273,717,389,178,99,411,393,558,2111,274,700,269,654,786,1805,2298,1827,1166,1751,6444,1302,3360,3049,2194,4950,829,743,400,1308,458,4008,1042,656,1017,1675,1500,1253,902,343,482,238,153,336,462,547,598,856,1650,2431,438,447,511,411,519,339,259
2019/8/24,14,303,590,1646,4150,1075,618,408,243,104,404,99,132,352,322,786,306,394,214,421,115,260,298,193,1460,314,446,418,590,739,767,518,1652,1019,1670,1685,303,1678,1096,967,823,783,11360,3855,1201,1199,1985,1096,1523,1110,430,1143,339,258,760,390,128,68,457,361,543,1862,295,564,274,811,733,1600,2634,1520,1107,1822,5860,1020,3416,2692,1691,4781,884,783,449,1250,454,4147,857,613,897,1534,1214,1075,829,330,478,273,137,277,425,579,571,865,1424,1646,486,400,584,408,452,345,287
2019/8/24,15,248,534,1293,3478,858,555,400,242,163,442,85,150,266,355,691,294,353,217,358,130,295,329,189,1217,253,446,457,701,685,666,486,1408,948,1356,1191,230,1808,1211,1048,966,578,11491,3290,991,967,1691,1240,1389,1094,445,1056,272,266,751,363,170,73,343,429,491,1629,283,777,291,843,817,1484,2674,1732,1224,1685,5262,746,2682,2223,1368,4276,857,736,468,1522,368,2888,711,479,786,1350,1038,993,866,410,490,217,139,318,402,550,494,720,1120,1434,558,479,585,486,515,387,400
2019/8/24,16,231,587,1645,3760,911,612,453,210,218,457,111,159,247,369,968,322,417,259,522,143,399,399,217,979,297,473,548,790,768,850,512,1661,1120,1429,1406,244,2181,1511,1296,1117,553,12041,3476,1118,998,1632,1623,1426,1365,479,1282,351,268,849,399,139,65,400,481,494,1946,346,806,343,1200,960,1863,3069,2078,1420,1948,6240,796,2515,2491,1556,4038,1116,880,557,1784,417,2901,824,515,824,1226,1109,937,1049,413,579,319,109,342,487,573,584,816,1215,1528,671,671,766,659,750,586,474
2019/8/24,17,216,788,2429,4279,1245,710,631,317,193,700,104,205,239,460,1179,416,505,293,563,180,417,507,221,1362,361,617,764,1212,1297,1100,676,2340,1291,2010,1782,326,2849,2036,1726,1371,684,14156,4266,1317,1218,1819,2538,1886,1659,627,1674,449,469,1131,340,191,106,498,602,634,2178,479,959,513,1540,1288,2446,3561,2861,1930,2351,7406,1135,2518,3387,1985,4815,1167,1155,720,1806,533,3035,1331,529,821,1896,1713,1247,1723,686,809,340,187,428,609,769,663,1145,1713,1940,974,877,1046,898,895,636,602
2019/8/24,18,161,762,2273,3819,1195,685,667,208,147,699,119,203,178,462,950,399,493,284,605,167,470,544,254,1223,315,654,740,1104,1162,1062,676,2130,1441,1787,2118,279,2732,1988,1702,1491,505,11795,4028,1413,1141,1379,2890,1671,1686,576,1489,408,499,1110,331,227,88,538,621,616,2151,461,964,442,1514,1251,2423,3588,2812,1786,2141,6804,896,2127,2996,1573,4165,1153,1102,707,1414,615,2317,1184,389,734,1773,2589,1102,1706,723,780,333,168,420,652,880,659,1108,1473,1838,1049,849,1017,922,936,704,652
2019/8/24,19,133,564,1299,2601,751,461,509,249,136,506,103,166,122,315,490,258,372,235,516,142,344,440,152,1101,220,558,650,854,907,923,565,1389,1086,1276,1268,204,2092,1540,1380,1273,321,8251,2626,927,869,1118,2622,1353,1240,530,1160,401,327,980,228,173,115,458,513,610,1563,389,781,443,1191,1028,1747,2579,2242,1485,1806,5289,520,1491,2028,1054,2973,911,912,609,968,339,1277,931,312,523,1112,1606,906,1537,514,626,263,139,317,489,692,572,868,927,1201,833,722,756,701,777,539,591
2019/8/24,20,97,517,945,1523,604,395,477,220,138,531,91,168,107,254,373,243,355,226,430,170,333,427,84,1141,226,495,631,744,846,840,693,1029,852,1070,635,216,2059,1446,1324,1189,232,6865,1587,686,701,951,2039,1152,892,489,1102,429,277,873,236,205,109,414,424,586,1265,436,705,348,1265,923,1467,2167,1931,1349,1297,4027,469,954,1359,654,2005,782,988,661,792,302,1004,657,276,429,855,528,772,1257,484,538,213,107,299,504,589,514,777,701,909,746,681,761,693,691,480,521
2019/8/24,21,136,522,1012,1241,639,447,505,232,172,621,128,182,138,332,300,312,468,270,529,184,444,498,84,1269,155,614,774,820,991,824,662,1064,869,1289,595,199,2365,1695,1663,1516,197,6271,1232,623,706,1173,1681,1014,928,540,1260,451,358,963,214,223,125,488,529,618,1547,450,777,521,1517,1116,1625,2289,2329,1463,1386,3873,418,846,1106,595,1711,962,1063,656,723,379,681,787,319,482,876,454,783,1118,461,551,194,149,356,560,552,536,862,814,762,832,779,770,948,779,524,586
2019/8/24,22,90,548,835,971,653,503,490,278,189,524,107,178,140,300,247,285,440,251,544,159,421,474,78,1264,135,597,724,848,841,837,591,866,586,1076,517,204,2308,1580,1646,1468,196,4980,940,657,706,1100,1307,904,995,507,1119,390,360,880,185,214,92,434,520,662,1185,544,727,446,1665,1254,1558,2171,2562,1743,1353,3314,396,603,983,482,1294,899,921,702,649,381,657,661,269,405,782,390,750,965,519,701,225,104,272,618,763,473,828,774,658,941,1017,1032,925,840,655,644
2019/8/24,23,33,197,500,478,260,174,233,126,92,347,53,91,90,150,145,149,202,125,217,85,168,255,38,684,94,384,459,558,519,450,344,418,345,535,213,81,1142,799,908,923,96,1885,446,273,308,381,555,399,419,246,575,212,233,490,119,123,53,281,324,383,1074,340,435,264,765,651,858,930,1099,850,610,1502,199,316,488,227,646,420,479,313,282,193,333,369,104,166,365,204,413,482,363,330,102,81,193,320,321,250,431,331,350,569,499,527,526,582,418,392
2019/8/25,0,5,76,80,88,82,40,88,34,33,84,27,36,33,54,33,55,69,34,61,14,32,50,9,199,15,86,124,134,139,111,95,123,80,130,54,23,301,260,229,290,24,251,121,88,87,75,150,123,155,79,168,54,54,139,38,37,23,84,105,70,310,105,77,75,200,185,261,226,273,211,217,438,40,78,58,58,118,102,121,93,48,66,132,92,39,37,123,39,102,121,99,128,39,22,39,99,82,53,109,83,83,124,176,128,171,148,120,116
2019/8/25,1,0,0,0,0,0,0,0,0,0,0,0,0,0,0,0,0,0,0,4,3,0,2,0,12,0,2,8,7,6,11,0,0,0,0,0,0,11,12,6,17,0,0,0,0,0,0,0,0,0,0,0,0,0,14,0,0,0,4,3,8,51,3,6,3,8,5,8,0,0,0,0,0,0,0,0,0,0,0,2,1,1,4,2,0,0,0,0,0,0,0,8,10,0,0,0,0,0,0,0,0,0,0,0,0,0,0,5,9
2019/8/25,5,0,0,1,1,0,0,0,0,0,0,0,0,0,0,0,0,0,1,1,0,1,0,0,0,0,0,1,0,0,0,0,0,1,0,0,0,1,0,0,0,0,2,0,0,0,1,0,1,0,0,0,0,1,1,0,0,0,0,0,0,0,1,0,0,0,0,1,0,0,2,0,0,0,0,1,0,0,0,0,0,0,0,0,0,0,0,0,0,0,0,0,0,0,0,0,0,1,0,0,0,0,0,0,0,0,0,0,0
2019/8/25,6,154,83,206,396,134,92,60,20,20,62,11,44,40,44,85,75,70,23,46,52,28,36,34,280,14,156,56,93,89,262,41,171,91,231,175,52,232,89,127,106,184,2369,223,242,262,276,386,192,119,56,400,37,63,264,56,27,33,71,59,80,204,69,544,79,106,120,153,343,256,158,290,303,332,190,187,158,374,101,124,106,171,89,120,79,101,185,171,263,147,161,33,47,26,34,177,123,61,157,124,211,132,77,51,46,78,72,72,47
2019/8/25,7,214,162,429,487,313,208,120,50,68,179,24,90,119,152,168,113,154,62,124,78,92,91,52,393,44,269,122,202,393,1054,95,430,314,452,568,119,807,225,258,181,490,4103,412,446,529,572,852,536,352,124,1590,78,188,331,143,51,55,162,158,197,359,170,591,112,179,230,231,690,479,221,500,737,414,367,319,264,583,223,249,196,252,172,378,163,157,308,385,672,247,274,99,121,61,68,266,287,109,460,240,337,435,134,90,103,121,156,110,85
2019/8/25,8,191,392,1089,870,1252,400,171,93,60,210,28,113,364,319,264,365,236,91,221,142,221,147,70,372,200,337,165,340,445,547,173,1242,795,1564,1060,244,599,437,365,277,1010,7925,852,704,817,877,1064,999,527,198,1090,113,448,537,244,116,74,287,204,362,662,145,551,151,261,292,698,937,753,383,752,1760,1334,865,858,619,1125,373,481,203,349,371,821,313,363,444,644,1152,506,422,126,147,79,100,230,353,194,254,346,743,1282,159,124,181,147,187,148,105
2019/8/25,9,294,396,1229,1912,1268,535,216,126,141,298,43,99,864,370,554,351,289,100,250,153,147,148,129,420,131,464,250,300,488,538,318,1273,774,1572,1473,265,766,475,408,326,1170,7658,1606,814,1116,1201,1254,1532,878,296,997,146,259,621,356,134,88,290,246,526,1080,173,583,164,272,396,931,1255,794,581,1116,2482,1235,1462,1375,983,2143,594,395,331,428,438,2800,500,584,566,884,993,632,504,159,249,102,71,280,325,231,434,495,902,1412,222,179,244,168,192,159,139
2019/8/25,10,353,392,1128,2856,768,461,257,188,105,243,65,135,1342,313,912,260,276,145,290,169,149,205,163,483,231,555,272,383,458,671,281,1385,743,1089,1720,240,919,577,496,392,941,8363,2523,1059,1029,1643,1403,1821,1113,298,930,161,212,623,497,75,64,341,363,564,2097,172,513,173,352,382,955,1892,895,622,1379,3398,1159,2146,1617,1487,3625,543,419,263,727,508,3984,476,561,657,1111,809,846,498,244,222,130,108,330,228,322,530,637,1034,1485,263,167,229,208,243,174,183
2019/8/25,11,379,461,1833,3988,881,440,353,226,54,274,43,143,1581,244,1301,312,203,138,312,160,150,203,216,599,328,527,310,511,613,627,294,1926,872,1384,1811,227,1056,674,587,452,822,9933,4035,1263,1194,1537,1310,1721,1438,277,934,175,216,678,497,121,84,329,376,674,3164,195,453,237,377,472,1368,2142,1200,849,1482,5516,1166,2457,2804,1861,4555,573,446,277,887,469,4410,750,594,783,1420,1053,1003,719,285,313,191,93,331,275,378,618,760,1532,1911,362,234,381,235,294,177,177
2019/8/25,12,344,567,1821,4303,987,568,408,219,76,376,51,138,1116,316,1114,324,312,170,374,128,219,306,201,615,309,534,363,644,688,663,391,1938,928,1519,1913,292,1373,857,707,608,863,11418,4000,1209,1385,1593,1366,1773,1601,383,1135,235,223,699,441,140,56,359,310,588,3195,211,396,226,608,603,1506,2271,1443,973,1632,6327,1097,2609,2495,1806,4578,652,608,319,941,523,4422,701,594,823,1449,1025,956,832,301,307,173,125,289,275,367,629,775,1324,2005,432,327,493,329,429,232,231
2019/8/25,13,418,590,1753,3938,1227,591,462,337,101,396,67,140,1150,401,906,296,375,173,372,159,288,334,251,773,309,636,471,692,795,681,433,2088,1145,1942,2761,346,1483,1091,841,767,1048,13251,4009,1173,1532,2012,1375,1819,1584,396,1156,293,294,758,491,142,86,473,466,609,3282,246,665,262,684,774,1734,2473,1546,1016,2016,7088,1229,3360,2649,2010,4724,772,823,427,1039,513,3817,748,826,978,1346,1143,1039,934,350,374,315,158,366,383,510,652,789,1397,1918,389,415,519,418,404,292,270
2019/8/25,14,446,547,1411,3854,1098,584,432,360,96,363,109,181,1044,336,797,297,393,228,384,224,312,315,219,772,444,770,467,705,751,810,492,2111,1026,1467,2436,271,1581,1153,979,902,848,12462,3948,1226,1226,2126,1602,1764,1846,415,1302,319,309,834,513,176,110,546,385,807,3600,308,650,302,819,792,1558,2519,1605,1063,2113,6904,1018,3509,2507,1751,4730,895,883,477,1072,587,4444,671,939,982,1245,1114,954,1059,353,457,245,159,387,409,554,670,823,1457,1718,526,501,576,515,514,377,316
2019/8/25,15,447,564,1276,3474,935,620,374,368,110,462,94,167,598,305,783,239,432,284,417,272,296,370,256,862,323,715,490,841,765,787,544,1925,1068,1341,1572,293,1606,1291,1065,1012,638,12470,3411,1049,1270,2084,1437,1511,1440,443,1378,340,301,928,436,175,83,530,533,727,3652,315,768,305,871,851,1514,2789,1853,1131,2154,6393,758,3152,2311,1410,4267,958,925,485,1065,614,3181,702,957,934,1099,944,955,1084,368,472,269,142,342,435,525,573,747,1320,1652,628,557,554,429,580,350,416
2019/8/25,16,449,604,1424,3194,964,554,522,299,145,519,117,176,348,431,698,311,369,280,520,275,407,413,184,1063,308,700,616,889,843,971,579,2001,1115,1362,1456,282,2281,1573,1328,1134,590,13134,3531,1115,1182,1921,1979,1553,1377,555,1459,401,315,1092,490,193,86,590,513,777,3688,440,746,399,1283,1015,1817,3374,2261,1450,2332,6575,713,2690,2340,1381,4261,1113,1044,591,1267,678,2966,785,858,906,1050,907,1049,1262,429,569,293,131,398,466,597,645,834,1272,1677,692,658,661,657,669,520,428
2019/8/25,17,368,781,1883,3842,1121,737,762,355,181,731,158,295,256,512,980,447,508,336,690,275,495,525,287,1317,422,825,815,1191,1335,1249,703,2412,1462,1843,1444,360,2957,2071,1648,1598,646,15147,4070,1535,1494,1928,3022,1987,1828,644,1819,481,406,1342,312,221,124,588,689,663,3385,434,1045,516,1586,1253,2224,3762,2955,1885,2505,6888,1031,2301,2903,1466,4405,1266,1198,867,1484,816,2630,1023,664,826,1582,1100,1188,1999,571,754,367,167,475,616,804,718,1036,1440,1978,965,857,906,838,980,659,627
2019/8/25,18,261,692,1678,3126,1017,633,636,309,151,663,118,186,189,454,746,411,503,323,672,225,489,542,202,1217,270,822,956,1212,1357,1305,693,2137,1409,1637,1132,291,2988,2007,1734,1618,474,12153,3582,1334,1419,1580,3398,1860,1628,654,1785,437,404,1316,305,243,108,640,719,710,2465,600,934,543,1724,1358,2289,3431,2659,1821,2269,6290,854,1893,2369,1378,3579,1256,1090,764,1337,698,2518,1261,453,753,1417,904,1094,2005,523,747,265,189,418,672,871,616,1039,1206,1830,994,962,946,830,979,660,637
2019/8/25,19,180,475,1187,2074,733,498,526,257,178,594,146,169,155,393,457,290,395,270,610,213,450,557,119,1295,215,781,860,1093,1183,1127,694,1611,1024,1325,859,268,2500,1789,1580,1587,367,10267,2397,1055,991,1372,3092,1558,1302,597,1493,397,380,1148,267,211,144,505,651,738,1873,518,975,432,1353,1092,1728,2721,2405,1504,1653,4847,458,1130,1547,838,2621,995,1004,741,1062,584,1280,1017,372,542,923,678,904,1711,538,643,229,149,338,524,763,511,842,885,1245,895,835,877,773,845,591,605
2019/8/25,20,182,507,864,1328,688,511,452,219,198,603,106,142,171,350,393,280,445,324,537,208,453,497,80,1247,220,642,863,961,960,1016,725,1294,963,1308,739,243,2401,1680,1569,1542,289,8548,1508,819,866,1339,2454,1338,1065,605,1572,411,431,1133,252,233,97,569,546,692,1447,565,904,465,1494,1023,1525,2480,2268,1513,1615,3912,440,932,1196,625,1967,1003,947,749,853,482,1124,838,333,427,723,618,946,1455,540,611,173,147,368,517,646,462,859,783,1018,791,717,740,691,762,587,587
2019/8/25,21,132,606,850,1067,680,528,564,277,190,602,153,207,166,438,328,311,510,263,561,194,414,483,76,1315,146,735,914,941,1063,953,770,1126,1008,1224,641,202,2658,1903,1766,1702,251,6881,1165,712,813,1221,1896,1114,1106,575,1351,516,379,1174,228,233,106,488,517,668,1715,589,806,458,1416,1256,1660,2117,2413,1551,1472,3803,430,779,810,564,1715,1046,1138,812,794,587,749,794,337,356,777,484,799,1039,571,625,242,143,307,520,569,505,849,915,843,852,776,840,878,757,602,581
2019/8/25,22,82,465,667,674,512,383,420,249,152,470,114,177,149,372,188,244,409,226,428,130,356,413,62,1256,165,614,764,797,782,753,561,756,575,971,412,163,1965,1579,1479,1442,223,4313,753,531,553,874,1231,799,812,499,1069,397,321,813,203,198,72,459,504,579,1335,490,666,407,1432,1086,1334,1770,2097,1393,1207,2724,341,529,579,372,1148,777,791,546,534,370,528,558,266,362,584,370,673,672,517,601,211,110,257,553,656,404,759,668,578,846,809,891,784,742,640,577
2019/8/25,23,30,141,342,319,232,134,161,108,80,243,43,54,61,138,66,113,152,109,178,81,155,157,28,480,74,264,395,475,421,393,285,312,281,422,202,58,885,596,621,655,84,1268,347,218,244,257,443,296,359,180,514,173,127,419,100,75,64,210,239,318,861,297,347,203,642,438,558,631,805,601,458,1179,114,210,243,146,453,338,346,302,167,182,349,264,93,112,268,175,294,221,281,235,94,67,147,221,228,171,361,295,242,395,324,335,374,389,296,276
2019/8/26,0,5,66,69,91,92,52,44,36,33,76,19,34,18,47,37,44,40,29,60,29,48,54,11,206,9,109,115,137,141,119,106,128,76,135,59,22,311,261,228,250,23,224,117,107,90,101,129,93,141,96,177,62,59,129,30,44,10,55,104,111,311,119,78,74,214,189,233,227,258,221,165,436,32,65,77,42,77,115,116,66,28,57,72,73,34,31,76,45,76,109,76,129,48,28,36,99,96,59,120,82,86,138,160,150,166,136,131,115
2019/8/26,1,0,0,0,0,0,0,0,0,0,0,0,0,0,0,0,0,0,0,3,0,7,4,0,5,0,5,10,9,13,12,0,0,0,0,0,0,0,8,7,12,0,0,0,0,0,0,0,0,0,0,0,0,2,9,0,3,0,2,8,10,54,4,6,7,8,7,10,3,0,0,0,0,0,0,0,0,0,0,4,4,1,1,0,0,0,0,0,0,0,0,3,13,5,0,0,0,0,0,0,0,0,1,0,0,0,0,6,7
2019/8/26,5,0,0,1,0,0,0,0,0,0,0,0,0,0,0,1,0,0,0,0,0,0,0,0,0,0,0,0,0,0,0,0,0,0,1,2,0,0,0,1,1,0,2,0,0,1,0,0,3,0,0,4,0,2,0,0,0,0,1,0,0,2,0,0,0,1,0,0,1,0,0,1,0,0,0,0,0,0,0,0,1,0,0,1,0,0,0,0,0,0,0,0,0,0,0,1,0,0,0,1,0,0,0,0,0,1,0,1,0
2019/8/26,6,279,147,522,416,377,114,103,27,26,140,14,62,19,122,154,197,169,42,56,45,66,30,51,418,7,178,137,118,253,128,77,305,176,353,321,123,285,202,237,101,679,3752,277,564,401,581,388,357,310,173,697,78,84,295,57,42,93,166,103,95,224,157,586,91,132,303,161,637,430,152,330,450,257,383,414,292,871,146,152,271,238,161,241,196,153,296,477,312,284,316,82,60,66,84,104,69,72,226,220,429,279,91,73,71,117,111,78,85
2019/8/26,7,549,859,3361,1648,2125,713,582,102,80,672,51,210,136,610,552,1144,967,291,242,88,302,227,395,1719,48,392,392,690,1075,521,293,1344,1028,1707,1938,1042,769,649,812,335,2955,8747,1265,1816,1639,1706,1256,1568,1418,1098,2385,215,329,637,187,169,306,614,469,283,732,1145,1082,352,416,1173,531,1879,1183,515,970,1873,1332,1558,2012,1041,4053,642,582,1440,819,721,1364,1255,426,966,3218,1797,1815,1267,460,238,307,630,279,378,208,969,879,2094,1496,259,171,215,285,216,342,271
2019/8/26,8,820,2996,11945,3986,4608,2093,1523,193,143,854,138,247,363,839,1403,6097,5082,588,381,152,654,308,2035,4800,118,431,662,1326,2689,1065,499,2474,1767,4441,4831,2105,1104,870,1289,691,5509,12785,4224,4054,4522,2839,2476,2104,2278,758,2758,343,1297,1049,244,295,818,1734,400,746,905,843,1108,345,578,1482,960,3536,1865,1582,1545,5808,4703,5130,5638,4156,11657,2048,1167,3020,1686,3061,6352,3935,998,2165,13225,5584,5517,3445,530,377,406,1514,475,484,339,1439,2868,7524,3237,323,308,316,385,315,308,277
2019/8/26,9,466,1360,4857,3187,2479,1173,893,154,71,468,56,129,721,492,871,3640,2533,215,299,111,476,191,731,3134,128,359,324,768,1690,637,293,1813,1021,2774,1804,787,888,654,696,431,3129,8186,2765,2099,1998,1401,1647,1648,1129,640,2119,280,824,665,178,83,382,1121,369,420,978,236,673,221,468,1313,860,1732,1104,1107,1293,3254,2157,2961,2930,2686,6528,1332,872,1095,1105,1748,5863,1878,615,942,4257,2746,2697,2095,546,214,143,359,283,270,349,635,1389,3034,1633,260,221,232,303,236,184,170
2019/8/26,10,368,639,2206,3110,1293,658,416,176,60,476,57,127,847,370,695,786,570,135,289,90,231,151,276,1018,140,388,303,526,785,522,255,1504,669,1443,1413,585,1009,556,592,398,2315,7683,2599,1859,1137,1024,1257,1758,1043,568,1754,170,288,565,220,83,184,461,384,376,1500,183,470,176,386,777,902,1513,1075,698,1292,3398,1181,2017,2034,1574,3888,786,590,474,765,781,3110,878,374,770,2042,1225,1285,870,354,226,153,130,258,280,398,496,772,1478,1519,226,248,283,235,281,173,175
2019/8/26,11,423,517,1980,3285,1088,528,340,156,58,453,45,147,824,329,822,471,383,130,281,79,189,179,202,639,164,393,307,501,701,515,286,1468,641,1418,1284,465,1111,753,582,447,1600,8485,2927,1604,919,965,985,1598,951,474,1334,195,210,623,302,94,139,416,309,448,1960,161,421,183,464,630,1110,1764,1153,754,1378,4336,1030,2022,2183,1439,3724,674,564,431,839,397,3590,819,298,684,1968,987,1115,821,345,254,140,113,240,303,395,541,753,1437,1508,339,252,290,230,332,202,193
2019/8/26,12,398,562,1897,3581,1074,601,382,159,96,443,61,243,753,361,640,488,434,162,342,135,272,285,169,698,252,366,327,661,738,619,341,1657,764,1567,1432,447,1253,883,707,554,1450,9415,3019,1343,1159,1064,1106,1518,1010,530,1454,212,289,697,292,108,124,482,374,386,2072,184,429,257,489,718,1111,1868,1456,858,1483,4638,1021,2028,2259,1503,3673,766,732,465,831,488,2948,806,356,784,1723,1064,1053,848,328,353,167,142,266,349,430,469,773,1392,1619,372,428,384,321,441,241,215
2019/8/26,13,373,631,2059,3096,1209,645,423,231,120,474,63,153,647,436,588,489,514,170,351,105,280,258,187,725,206,436,474,564,770,678,346,1809,857,1835,1614,561,1274,857,789,638,2077,9268,2892,1416,1178,1160,1162,1583,1010,566,1498,268,325,673,309,127,109,480,355,440,1874,207,568,270,623,819,1341,2035,1368,918,1594,5007,1352,2383,2437,1690,3888,812,740,615,829,479,3626,916,457,817,1891,1219,1143,828,356,372,182,140,251,352,446,523,758,1326,1594,390,369,391,356,349,257,230
2019/8/26,14,355,558,1772,2770,1064,598,366,202,109,556,66,127,455,364,550,412,449,146,381,111,309,235,145,718,185,473,394,625,732,657,367,1397,790,1509,1331,559,1410,904,772,743,1744,8954,2694,1467,1056,1187,1209,1502,1148,599,1443,244,260,660,304,134,109,474,430,404,2215,224,578,303,605,950,1197,1866,1315,955,1541,4777,1023,2309,2213,1333,3375,825,799,482,716,474,2670,730,381,808,1646,1113,981,830,335,397,200,126,251,354,504,437,722,1291,1367,316,326,499,351,363,254,248
2019/8/26,15,292,558,1424,2740,927,562,407,206,105,491,75,150,263,353,560,358,413,176,385,138,264,282,133,710,248,465,438,668,809,697,396,1368,786,1426,1255,475,1653,1149,912,793,1175,9218,2241,1259,1015,1243,1101,1307,975,579,1411,266,330,762,270,131,92,429,394,496,2072,306,594,268,817,914,1352,2036,1476,1031,1690,4631,795,1941,2044,1104,2913,852,747,548,695,452,2179,770,384,693,1322,933,844,883,391,362,222,106,247,396,485,489,637,1169,1394,526,474,481,464,464,277,284
2019/8/26,16,282,666,1649,2666,1150,638,589,277,160,649,86,189,177,414,464,317,416,256,490,180,407,387,168,1050,231,571,626,946,888,852,495,1381,1001,1583,1284,319,1981,1506,1235,1036,897,10146,2489,1034,988,1564,1620,1467,1166,593,1383,384,324,1007,353,221,107,521,570,504,2525,320,820,438,1028,1108,1665,2555,2245,1479,1922,4996,804,1795,2066,1076,2944,968,887,604,1058,572,1629,768,426,713,1414,798,957,1189,429,460,231,137,333,435,590,536,685,1132,1410,869,580,605,642,644,389,413
2019/8/26,17,407,989,2376,3573,1488,962,784,328,253,1035,179,280,245,658,789,616,662,390,870,279,666,667,206,1617,344,899,1114,1502,1612,1381,938,2276,1496,2396,1586,453,3846,2549,2334,1964,1136,15305,3479,1530,1413,2217,2600,2056,1847,818,2068,601,507,1488,334,258,146,647,721,840,2862,526,1191,616,2097,1856,2773,3886,3803,2501,2644,6438,1192,2007,2617,1509,3837,1441,1331,949,1607,835,1994,1251,544,903,2013,1242,1451,2244,715,1078,426,204,605,898,921,781,1099,1504,1856,1263,1124,1071,1146,1167,825,699
2019/8/26,18,468,1662,3696,5170,2323,1592,1470,630,537,2196,380,534,466,1141,1220,956,1196,657,1442,532,1256,1395,416,3056,446,1332,1778,2343,2550,2297,1294,2752,2143,3846,2159,654,6689,5028,4199,3718,1136,17298,4848,2120,2029,3011,3946,3188,3004,1470,3069,897,881,2470,404,476,189,884,1219,1161,4008,863,1833,1015,3747,3484,4748,5965,7113,4444,3583,8294,1654,2859,3925,2138,5400,2270,2137,1493,2396,1023,2378,1836,733,1269,2782,1712,2171,3708,1316,1946,736,309,945,1610,1559,1157,1752,2164,2549,2338,2291,2423,2119,2069,1486,1593
2019/8/26,19,275,1038,2120,3180,1439,1114,1079,465,423,1706,319,454,349,700,752,662,862,552,1067,353,958,1042,260,2350,398,1260,1497,1757,1928,1707,1185,2018,1693,2593,1386,371,4792,3785,3623,3071,538,10107,3044,1480,1444,2115,3297,2318,2340,1193,2748,958,815,2081,350,398,207,950,1117,1290,3408,940,1605,953,3233,2905,3678,4664,5202,3346,2732,5879,808,1873,2316,1348,3273,1690,1588,1140,1685,647,1464,1266,480,802,1634,1045,1383,2543,1168,1650,537,271,713,1192,1330,863,1262,1452,1765,2105,1884,1804,1857,1630,1449,1371
2019/8/26,20,193,544,978,1429,787,600,611,321,282,988,219,291,246,418,392,397,517,350,643,262,593,636,134,1598,216,949,1110,1342,1196,1219,823,1271,1064,1500,750,286,3098,2252,2208,1989,274,6691,1639,901,775,1455,2204,1319,1274,770,1590,538,523,1353,231,309,138,624,774,947,2285,611,1147,612,1830,1712,2060,2772,3139,2060,1838,4135,474,1030,1242,655,1988,1150,1102,730,941,455,778,704,321,489,847,528,828,1502,573,856,321,130,374,730,703,602,925,888,1040,1091,1092,1134,947,1008,861,773
2019/8/26,21,135,556,893,1016,709,529,573,322,234,871,196,281,227,438,362,295,485,356,581,223,539,590,91,1612,156,816,956,1171,1184,1093,781,1020,853,1405,689,242,2852,2157,1943,1886,252,6121,1102,738,761,1362,1748,1117,1217,629,1450,483,484,1209,214,254,104,538,717,782,1862,581,854,516,1748,1518,1867,2512,2870,1964,1757,3691,396,835,813,537,1727,1076,1165,788,891,451,569,644,323,479,919,512,887,1265,611,707,265,141,374,617,598,543,932,845,913,1145,892,916,1049,1072,773,588
2019/8/26,22,87,503,745,765,505,450,530,267,216,630,153,231,230,351,282,271,427,288,526,165,475,525,64,1356,212,725,950,929,996,812,580,902,622,1018,474,145,2460,1951,1981,1783,207,3844,751,609,626,1078,1390,983,1075,581,1325,445,398,985,171,244,107,463,571,767,1548,561,878,545,1791,1490,1747,2233,2617,1741,1339,2757,351,639,533,356,1142,899,899,693,592,370,415,600,233,329,640,383,720,881,558,735,221,127,278,623,692,441,734,619,631,956,1017,1016,946,889,663,763
2019/8/26,23,18,144,261,277,214,144,165,122,71,210,43,84,68,152,88,100,138,72,169,88,161,162,25,532,79,281,362,422,403,374,261,267,276,367,126,71,859,667,670,683,92,1254,321,203,217,297,401,331,343,220,491,173,164,382,99,82,61,226,277,379,768,282,330,192,692,519,628,646,918,627,459,1073,140,213,206,133,374,305,365,272,164,106,205,230,84,107,234,188,288,253,255,280,89,38,143,233,242,168,315,241,217,453,355,343,336,451,367,323
2019/8/27,0,6,61,85,106,105,67,66,33,35,67,34,32,32,32,39,55,61,45,62,19,53,58,5,218,6,99,127,146,144,125,112,119,82,144,52,26,327,280,257,255,21,280,123,85,99,86,131,117,150,94,177,72,63,153,13,35,26,70,94,114,339,105,64,76,212,220,254,215,302,230,162,362,31,50,71,52,96,146,121,89,54,46,79,95,40,47,82,47,76,100,92,145,38,23,54,125,105,69,99,101,69,167,139,178,151,155,128,112
2019/8/27,1,0,0,0,0,0,0,0,0,0,0,0,0,0,0,0,0,0,0,3,2,5,0,0,6,0,6,9,6,7,7,0,0,0,0,0,0,0,4,4,14,0,0,0,0,0,0,0,0,0,0,0,0,0,9,0,4,2,4,11,1,71,12,6,5,15,4,7,0,0,0,0,0,0,0,0,0,0,0,1,3,2,1,0,0,0,0,1,0,0,0,3,6,7,1,0,0,0,0,0,0,0,0,0,0,0,0,10,7
2019/8/27,5,0,0,0,0,0,0,0,0,0,0,0,0,0,0,0,0,0,0,0,0,1,0,0,0,0,0,0,0,0,0,0,0,0,0,0,0,0,0,1,0,1,1,0,0,0,1,0,2,0,0,1,0,0,0,0,0,0,0,0,0,1,0,1,0,0,0,0,0,0,0,1,0,0,0,0,0,0,1,0,0,0,0,0,0,0,0,0,0,0,0,0,0,0,0,0,0,0,0,0,1,0,0,0,0,0,1,0,0
2019/8/27,6,218,145,573,431,318,126,109,41,34,129,9,104,33,120,160,189,169,36,59,47,57,36,63,336,11,180,125,139,298,145,65,313,189,375,321,125,304,208,221,102,643,3152,280,619,422,558,436,348,285,162,694,74,95,266,67,46,76,146,108,84,245,164,560,95,118,294,148,597,419,148,319,423,300,350,434,284,831,154,164,280,267,159,243,215,144,287,460,334,276,329,80,83,68,77,93,77,62,203,233,462,255,79,58,68,96,87,79,85
2019/8/27,7,478,888,3441,1689,2049,706,580,98,75,729,44,429,146,637,582,1184,981,209,264,72,294,235,411,1687,47,432,425,711,1249,536,256,1349,994,1650,1756,905,788,595,854,315,3002,8688,1262,1906,1706,1745,1308,1576,1460,1129,2294,243,353,705,193,160,322,615,429,310,651,1132,1063,330,419,1253,508,1779,1224,533,1006,1844,1592,1528,2043,1040,3703,660,582,1385,867,768,1425,1245,410,968,3384,1830,1719,1313,449,310,312,616,282,387,204,947,902,2321,1592,257,257,204,200,178,363,261
2019/8/27,8,848,3085,12194,4156,4807,2255,1601,215,139,852,132,210,447,790,1463,6173,5327,362,400,140,642,333,2071,5137,99,410,694,1361,2729,1033,554,2664,1836,4489,5014,2131,1160,971,1338,694,5746,13232,4271,4124,4517,2917,2612,2254,2344,831,2940,371,1338,1040,282,312,822,1755,396,694,812,861,1146,325,601,1498,1015,3629,1875,1536,1607,5764,4876,5119,5782,4116,11484,1994,1233,3086,1851,3004,6300,4085,1047,2167,13056,5680,5699,3385,506,370,446,1482,463,507,354,1483,2896,7555,3406,284,293,315,391,394,276,267
2019/8/27,9,484,1445,5072,3186,2619,1171,860,206,65,511,65,176,1079,485,874,3650,2583,226,333,125,446,209,717,3115,145,350,345,711,1697,670,337,1916,971,2819,2232,941,920,696,700,440,3438,8072,2916,2234,2051,1509,2083,2040,1133,741,2270,361,886,720,292,148,414,1192,341,436,1004,272,593,255,427,1187,887,1753,1213,1111,1305,3245,2375,3050,3101,2738,6326,1319,906,998,1063,1743,4266,1942,622,1011,4350,2784,2688,2185,432,262,175,392,258,245,350,707,1373,3259,1719,213,194,279,288,256,227,180
2019/8/27,10,350,628,2252,3305,1409,630,400,145,64,409,38,156,1420,395,787,810,659,153,246,100,236,172,215,1141,142,381,314,505,915,539,260,1643,595,1509,1661,588,1026,637,584,378,2462,7207,2501,1806,1199,1196,1509,1915,1022,594,1736,236,275,653,360,97,149,485,361,344,1446,184,464,193,430,817,882,1498,1124,726,1291,3263,1173,2004,2046,1727,3809,859,592,531,637,794,1780,938,352,718,2002,1207,1377,833,323,246,155,147,226,263,382,462,717,1414,1466,237,202,260,219,238,148,175
2019/8/27,11,344,497,2006,3528,1142,547,449,157,54,422,32,140,1363,288,933,427,420,120,280,100,183,166,237,673,186,426,291,562,714,577,341,1481,635,1365,1522,427,1154,688,548,500,1662,8408,3202,1594,972,1037,1139,1758,1046,499,1349,206,196,658,345,112,134,441,306,385,1920,188,377,166,442,688,1083,1698,1178,720,1348,4249,1063,1853,2450,1648,3677,738,600,433,779,384,1950,836,289,706,2000,1039,1113,799,302,285,157,103,195,269,361,526,727,1512,1572,267,273,328,268,311,193,202
2019/8/27,12,344,585,2006,3784,1224,614,399,179,88,485,46,157,860,352,679,522,504,137,339,120,251,281,208,732,240,365,372,559,756,596,344,1831,811,1650,1559,483,1171,879,718,550,1615,9559,3090,1380,1199,1205,1111,1632,1039,602,1428,202,223,744,340,131,120,423,342,340,1886,165,452,187,518,715,1186,1844,1416,882,1450,4638,1215,2098,2244,1551,3667,746,665,455,812,557,1825,801,349,664,1808,1116,1099,857,361,373,257,134,273,322,413,485,750,1420,1804,333,310,401,319,414,231,234
2019/8/27,13,345,663,2182,3301,1415,687,488,168,94,489,59,130,815,403,647,557,628,161,371,124,275,231,231,886,226,396,465,645,794,595,381,1807,895,1810,1795,562,1353,919,798,611,2378,9264,2983,1441,1218,1426,1224,1740,1026,641,1569,279,302,728,327,155,153,386,340,468,1838,266,550,216,639,844,1466,1884,1422,953,1509,5018,1431,2267,2317,1550,3703,863,762,534,786,455,1888,925,489,786,1912,1245,1027,812,380,474,253,167,235,416,554,541,753,1408,1624,374,372,429,362,409,262,236
2019/8/27,14,352,644,1759,3080,1230,670,468,182,97,566,66,183,605,341,670,419,437,163,423,114,328,229,179,731,239,442,451,606,766,692,446,1630,799,1536,1572,616,1342,917,788,701,1807,8755,2759,1465,1040,1351,1230,1420,1102,563,1485,230,277,729,309,125,119,457,399,428,2136,195,607,251,640,937,1211,1822,1518,986,1590,4667,1081,2111,2241,1338,3251,806,752,502,754,498,1623,779,398,723,1577,1170,1069,881,375,411,246,172,239,361,459,530,750,1405,1508,361,309,413,373,387,242,255
2019/8/27,15,281,609,1562,2745,994,627,470,207,118,598,96,239,383,351,511,357,463,228,401,150,305,290,198,761,285,432,484,651,874,736,380,1496,837,1466,1348,418,1481,1145,946,724,1269,8737,2327,1227,915,1328,1182,1297,922,521,1280,258,295,751,251,120,100,412,381,481,2149,250,681,263,898,997,1231,2096,1611,1083,1748,4515,815,1928,1900,1158,2830,914,757,471,763,458,1589,775,389,717,1430,943,858,929,333,416,222,147,232,345,488,523,639,1234,1427,566,414,488,519,533,310,322
2019/8/27,16,341,656,1670,2771,1153,666,696,273,168,750,99,223,250,437,582,380,443,248,527,209,401,421,161,1074,179,674,678,976,827,791,518,1511,1078,1655,1436,374,2021,1586,1288,1102,1035,10265,2563,1112,1003,1561,1562,1510,1197,622,1468,386,362,1068,355,181,86,480,553,554,2454,315,860,382,999,1110,1603,2480,2177,1389,1968,4718,840,1835,2104,1108,3166,1027,833,545,967,555,1424,816,444,683,1518,985,1153,1300,458,474,268,157,291,439,553,593,800,1265,1420,740,607,631,647,627,413,386
2019/8/27,17,406,1047,2450,3661,1569,1038,883,398,266,983,158,306,283,647,908,590,682,402,836,325,693,733,221,1654,328,868,1060,1488,1535,1372,937,2321,1588,2597,1789,472,3801,2708,2354,2061,1072,15460,3781,1519,1408,2462,2672,2116,1920,846,2143,599,550,1471,300,286,163,734,769,765,2909,512,1164,618,2123,1804,2812,3958,3855,2533,2622,6322,1272,1995,2587,1623,4039,1534,1336,882,1640,806,1964,1331,609,917,1983,1328,1538,2154,680,1214,407,211,572,943,999,800,1219,1636,2113,1412,1159,1145,1223,1181,821,776
2019/8/27,18,433,1578,3854,5486,2396,1670,1552,641,514,2216,329,553,504,1091,1314,929,1146,713,1422,511,1325,1369,421,3035,485,1361,1812,2313,2604,2374,1354,2862,2207,3998,2476,671,6398,4906,4227,3559,1123,16805,5240,2102,2020,3275,3893,3083,3076,1503,3242,953,894,2372,382,452,218,821,1264,1187,3988,974,1904,1061,3823,3490,4931,6145,6949,4655,3555,8271,1751,2850,4173,2462,5640,2427,2186,1306,2368,1052,2447,1914,833,1282,3133,1976,2246,3622,1345,2110,705,326,941,1590,1498,1221,1742,2295,2882,2378,2172,2390,2069,2081,1374,1546
2019/8/27,19,293,1068,2158,3401,1463,1145,1154,459,408,1678,342,499,384,751,835,655,849,466,1132,421,885,1141,297,2373,389,1229,1430,1743,1778,1687,1183,2181,1651,2580,1585,403,4898,3961,3443,3077,567,10150,3442,1495,1422,2286,3337,2448,2378,1183,2630,885,791,2136,337,428,229,833,1135,1353,3534,865,1646,989,3169,2899,3682,4478,5331,3370,2748,5966,873,1892,2568,1462,3554,1741,1651,1044,1625,660,1519,1377,467,872,1720,1213,1382,2345,1157,1493,541,267,707,1127,1302,911,1281,1475,1892,2103,1939,1745,1855,1534,1375,1339
2019/8/27,20,166,641,1083,1599,847,649,686,360,264,963,231,303,256,431,454,365,518,333,706,273,596,625,156,1673,188,944,1084,1335,1263,1371,848,1289,1048,1480,727,270,3144,2321,2314,2010,313,6957,1841,937,935,1535,2308,1436,1371,836,1708,584,554,1431,246,307,147,658,781,1002,2371,618,1144,615,1792,1691,2264,2894,3266,2241,1800,4125,476,1029,1200,710,2064,1128,1184,810,1032,520,812,798,345,511,835,591,835,1588,656,933,295,172,406,821,741,595,870,890,1062,1106,1085,1097,904,964,855,817
2019/8/27,21,153,644,1022,1161,747,616,589,364,257,964,204,313,276,508,388,345,534,357,667,252,612,641,119,1884,184,918,1044,1261,1288,1170,850,1110,930,1527,753,294,3163,2314,2159,2024,280,6301,1203,781,828,1429,1814,1188,1353,753,1658,539,489,1269,239,272,222,596,717,833,1948,601,927,579,1953,1729,2021,2733,3178,2093,1768,3839,472,923,963,584,1750,1127,1175,830,948,450,603,692,333,472,883,527,920,1400,636,724,268,152,419,669,694,548,936,821,903,1196,973,974,990,1111,784,654
2019/8/27,22,83,537,851,843,628,458,582,283,220,630,153,245,229,393,290,299,483,332,575,177,502,581,90,1597,190,812,973,1115,1087,1007,660,997,780,1098,460,188,2713,2041,2041,1951,214,4202,868,647,632,1152,1426,1051,1069,636,1403,494,450,1110,208,247,119,496,619,807,1799,689,919,560,1858,1555,1853,2247,2817,1861,1408,3022,367,611,576,435,1313,970,978,758,638,376,472,650,270,376,662,381,821,939,611,773,261,141,307,676,714,504,757,680,713,1071,1054,1185,1133,981,781,802
2019/8/27,23,22,149,266,294,207,147,174,104,75,271,63,84,83,145,101,112,155,104,186,67,169,183,22,571,77,292,413,489,410,400,274,350,329,458,186,69,923,688,712,713,91,1338,302,205,248,300,380,344,373,222,465,166,160,375,105,85,53,242,241,410,871,293,380,191,798,595,658,707,972,645,499,1190,115,289,228,148,430,390,412,310,211,153,202,269,99,125,250,167,279,273,268,280,79,56,143,269,235,184,299,295,244,452,444,346,357,418,401,339
2019/8/28,0,7,78,96,107,97,56,75,47,31,94,24,34,31,43,32,49,67,43,67,17,59,62,8,249,8,107,128,138,182,148,116,143,111,139,61,18,311,286,264,284,23,247,142,95,94,98,146,148,168,102,216,78,60,135,15,42,21,71,110,95,378,114,78,72,248,194,277,224,329,218,204,343,40,51,106,53,120,130,131,94,39,72,140,92,30,35,70,58,107,103,124,121,44,21,57,107,103,58,111,93,88,159,166,151,159,155,132,123
2019/8/28,1,0,0,0,0,0,0,0,0,0,0,0,0,0,0,0,0,0,0,6,0,3,6,0,10,0,10,8,8,7,7,0,0,0,0,0,0,1,14,7,18,0,0,0,0,0,0,0,0,0,0,0,0,0,13,0,5,1,4,10,7,56,7,5,12,13,6,10,0,0,0,0,0,0,0,0,0,0,0,1,1,1,1,0,0,0,0,1,0,0,0,6,17,8,1,0,0,0,0,0,0,0,1,0,0,0,0,10,10
2019/8/28,5,0,0,1,1,0,0,0,0,0,0,0,0,0,0,0,0,0,0,0,0,1,1,0,1,1,0,0,0,1,0,0,0,0,0,0,0,0,0,0,0,0,1,0,0,0,0,0,4,0,0,2,1,0,0,0,0,0,0,0,1,1,0,0,0,0,0,1,1,0,1,0,1,0,0,1,0,0,0,0,0,0,0,0,1,0,0,0,0,0,0,0,0,0,0,0,0,0,0,0,0,0,0,0,0,0,1,0,0
2019/8/28,6,226,149,550,457,320,129,101,37,27,130,11,83,31,128,166,189,164,38,56,43,63,36,65,430,10,168,130,139,276,159,68,344,195,350,304,147,220,112,217,100,638,3010,308,599,448,563,414,378,279,126,638,74,88,286,61,42,86,159,122,88,219,132,606,86,119,296,162,612,401,135,287,499,310,353,426,275,845,149,140,266,273,143,266,211,156,246,457,310,307,300,74,74,64,93,83,120,81,204,206,476,271,81,70,74,103,84,75,73
2019/8/28,7,513,896,3395,1697,2122,706,622,81,80,639,48,458,139,612,536,1127,965,249,289,84,319,245,391,1812,55,396,436,724,1247,597,303,1306,973,1709,1666,964,737,453,864,339,2915,8587,1295,1897,1726,1724,1305,1602,1431,775,2383,221,386,668,174,163,301,636,452,275,632,1118,1081,321,400,1123,535,1792,1230,518,906,1895,1439,1640,1955,1030,3595,635,599,1386,811,745,1435,1193,443,957,3210,1808,1743,1198,415,342,321,607,271,457,215,960,914,2113,1311,274,252,234,208,209,365,264
2019/8/28,8,840,3040,12102,3987,4578,2213,1577,167,106,796,152,230,395,811,1618,6021,5218,368,439,174,661,326,2113,5604,101,463,655,1403,2724,1078,524,2905,1807,4588,4969,2154,1183,974,1285,681,5686,12859,4277,4077,4481,2852,2697,2291,2281,795,3039,343,1335,1070,324,276,834,1717,390,689,811,837,1175,401,577,1429,982,3515,1877,1571,1633,5956,4813,5292,5828,4080,11504,1988,1229,3026,1785,3016,6445,4022,985,2134,13151,5688,5428,3532,519,368,478,1522,450,576,346,1488,2860,7558,3406,286,346,335,371,324,275,279
2019/8/28,9,459,1485,5069,3347,2582,1218,859,176,57,525,55,132,844,542,1114,3770,2545,187,290,110,493,226,760,3957,110,331,342,736,1664,675,317,1699,983,2883,2290,853,1019,725,698,424,3224,8305,2883,2084,1996,1436,1810,1708,1175,683,2129,292,825,708,255,105,415,1135,362,403,924,266,725,276,407,1239,821,1750,1250,964,1274,3084,2321,2924,3021,2741,6576,1392,885,1003,1168,1781,4529,1892,565,1053,4220,2693,2848,2341,456,244,195,407,274,287,335,692,1369,3198,1523,252,172,258,243,267,206,184
2019/8/28,10,382,658,2269,3242,1363,672,447,186,69,423,27,147,1211,372,875,752,646,161,279,83,273,163,293,1482,158,408,318,521,818,560,241,1439,733,1510,1528,491,1034,621,603,376,2237,7106,2542,1755,1014,1139,1360,1619,1052,593,1693,201,261,689,303,134,149,492,369,363,1409,225,522,194,418,803,900,1530,1084,746,1371,3204,1182,2105,2153,1630,3775,832,605,493,686,683,1751,860,445,763,2076,1288,1257,793,338,219,149,147,186,287,381,544,774,1418,1420,221,207,268,219,267,161,186
2019/8/28,11,363,551,2087,3504,1177,542,329,180,64,429,29,129,1033,356,847,428,433,137,280,69,218,194,257,893,185,341,310,515,671,562,272,1460,664,1356,1520,474,1235,786,580,481,1461,7892,3080,1585,1110,970,1062,1544,979,440,1278,216,206,627,325,86,162,363,312,432,1730,203,378,197,433,617,1002,1716,1220,792,1316,4176,1120,1905,2480,1550,3740,709,568,388,881,397,1945,924,290,740,1977,962,1135,781,297,267,166,137,230,304,364,528,751,1451,1680,286,258,318,249,310,197,146
2019/8/28,12,381,593,1964,3679,1263,657,378,202,86,430,81,156,738,422,616,497,464,124,374,113,335,250,213,874,236,402,359,594,725,570,338,1661,775,1657,1615,439,1256,964,696,570,1514,9340,3248,1429,1236,1040,1132,1631,1075,528,1538,227,236,697,316,104,129,407,364,317,2138,195,451,206,522,711,1121,1896,1487,928,1367,4597,1103,2103,2208,1434,3662,818,689,468,978,497,1760,772,358,689,1873,1138,1155,890,359,362,205,130,255,347,429,506,758,1400,1729,350,360,437,301,404,220,176
2019/8/28,13,377,701,2179,3287,1528,738,441,189,79,494,96,170,721,483,636,576,559,163,393,128,326,253,239,1233,205,411,362,652,772,650,366,1640,965,1885,1820,561,1263,881,842,655,2346,9126,2895,1581,1321,1303,1277,1471,1084,655,1596,272,328,674,293,122,128,416,405,413,1652,224,576,260,565,801,1199,1895,1368,969,1379,5044,1403,2529,2451,1650,3753,895,817,620,781,486,2120,919,508,763,2082,1216,1160,907,377,454,228,207,255,447,433,561,749,1320,1718,396,369,435,358,390,285,254
2019/8/28,14,352,600,1717,2963,1171,696,410,234,75,492,55,144,563,368,600,479,444,197,371,128,302,240,193,1018,202,367,422,694,791,608,415,1443,842,1559,1538,524,1371,994,774,708,1753,8721,2779,1508,1030,1271,1229,1451,1074,578,1379,305,251,707,323,155,110,420,364,404,1877,197,635,249,725,915,1195,1942,1375,937,1569,4798,1062,2007,2254,1474,3363,867,728,530,915,516,1634,809,400,794,1737,1185,1013,873,320,373,239,186,230,393,462,516,796,1371,1426,402,334,448,370,334,307,233
2019/8/28,15,267,575,1477,2853,1038,606,480,220,110,525,74,154,316,345,504,346,394,221,357,120,319,282,158,924,262,495,470,672,850,744,438,1399,833,1515,1343,427,1566,1103,917,784,1228,9202,2509,1197,927,1317,1244,1347,975,572,1415,291,299,812,290,145,100,408,408,502,1997,301,609,280,831,871,1283,2047,1649,1100,1784,4425,787,1904,2104,1111,2965,907,767,491,864,452,1498,807,437,762,1437,987,909,1008,349,433,232,135,234,420,526,506,685,1251,1354,493,432,528,467,449,276,291
2019/8/28,16,343,700,1643,2789,1118,758,648,238,140,705,105,206,256,491,506,395,446,258,515,206,499,379,148,1044,198,611,669,975,919,869,569,1422,1074,1686,1418,362,2102,1454,1269,1129,1009,10412,2545,1095,1108,1575,1544,1373,1173,631,1540,365,324,985,317,218,68,497,543,545,2423,296,812,467,1043,1198,1662,2584,2302,1413,1808,4936,921,1957,2126,1152,3215,1113,913,598,1243,575,1458,862,421,764,1651,892,999,1271,444,591,265,159,329,473,530,544,788,1238,1462,766,620,669,640,635,396,426
2019/8/28,17,407,1028,2493,3773,1563,978,857,348,281,1043,177,292,291,689,855,635,738,411,810,287,675,713,215,1664,316,915,1071,1528,1600,1390,971,2205,1595,2570,1707,447,3774,2678,2346,1953,1169,15438,3733,1606,1500,2361,2549,2184,1868,840,2187,581,601,1469,318,278,156,653,782,727,2883,448,1270,643,1993,1853,2798,3871,3789,2530,2671,6330,1409,2302,2828,1780,4393,1587,1406,881,2073,861,1981,1410,576,949,2134,1265,1464,2230,696,1213,423,207,530,926,933,847,1084,1699,1981,1371,1145,1092,1158,1270,797,712
2019/8/28,18,505,1700,3988,5816,2438,1646,1502,608,532,2166,362,565,449,1073,1332,988,1266,665,1532,476,1331,1415,384,3080,455,1321,1693,2298,2561,2347,1361,2769,2268,3944,2212,676,6399,4933,4069,3573,1280,17237,5537,2114,2072,3061,3867,3027,2992,1518,3359,963,885,2344,388,462,229,871,1292,1155,4047,954,1881,1065,3733,3476,4943,6116,6755,4587,3515,8717,1924,3366,4385,3007,5906,2410,2199,1236,2477,1076,2457,2000,755,1304,3430,2142,2289,3545,1240,2012,742,320,903,1614,1500,1191,1791,2341,2922,2418,2195,2451,2013,2170,1453,1563
2019/8/28,19,292,1097,2273,3517,1472,1163,1161,499,426,1815,332,464,355,711,786,672,889,566,1079,393,965,1076,241,2354,374,1283,1618,1912,1848,1746,1236,2144,1759,2596,1471,439,5023,3819,3510,3115,617,10245,3443,1522,1499,2259,3288,2500,2293,1254,2636,873,811,2062,362,413,189,843,1077,1395,3430,873,1701,928,3155,2966,3797,4535,5086,3405,2750,5919,909,2245,2608,1638,3832,1762,1622,1052,1731,671,1554,1380,563,856,1885,1209,1466,2454,1194,1698,510,253,736,1161,1247,912,1402,1506,1919,2052,1801,1736,1803,1561,1328,1347
2019/8/28,20,163,645,1132,1708,830,619,669,333,277,971,221,298,282,522,451,353,547,325,677,289,575,628,158,1594,190,886,1246,1288,1240,1319,838,1225,1151,1678,776,273,3185,2413,2281,2139,303,7208,1703,896,885,1550,2317,1420,1410,796,1715,619,512,1497,225,305,155,625,830,1013,2380,624,1116,607,1843,1855,2247,2859,3239,2075,1808,4011,473,1080,1340,710,2108,1074,1133,771,1087,503,780,821,391,533,880,613,919,1551,667,930,327,137,377,745,727,565,851,924,1068,1135,1087,1158,1024,953,857,826
2019/8/28,21,153,654,1007,1262,832,662,638,365,274,977,184,307,285,512,393,388,588,360,688,260,606,689,138,1917,174,938,1174,1236,1322,1267,839,1063,1014,1659,748,289,3316,2408,2222,2035,290,6558,1287,729,870,1470,1888,1319,1416,789,1644,586,523,1326,185,240,220,627,731,896,1861,696,961,551,1991,1601,2176,2697,3230,2103,1770,3852,527,957,1055,576,1910,1133,1267,895,1002,482,690,759,350,473,961,525,943,1340,647,783,254,172,433,693,654,612,974,931,978,1251,1050,926,1060,1097,801,662
2019/8/28,22,117,556,807,830,575,493,580,310,236,715,180,262,240,415,309,339,480,294,611,205,530,583,85,1617,223,811,1055,1084,1105,934,673,1034,716,1088,510,236,2705,2103,2101,2047,205,4364,860,568,661,1195,1453,1011,1092,648,1402,496,436,1114,235,287,151,541,606,810,1989,631,936,579,1803,1560,1971,2411,2854,1884,1491,2790,367,646,678,416,1392,984,971,772,659,437,591,618,275,345,691,413,798,933,662,785,273,173,362,696,733,469,784,747,659,1154,1143,1167,1091,956,751,874
2019/8/28,23,18,161,279,303,251,182,175,112,107,244,56,80,78,164,118,110,163,102,203,82,163,182,27,661,85,335,411,473,471,438,320,288,309,474,172,86,965,695,755,784,94,1397,377,218,278,337,415,357,391,231,479,183,163,414,94,95,58,227,276,391,862,296,405,194,807,571,678,674,1044,711,517,1104,139,226,288,157,538,354,372,280,231,171,308,270,90,143,234,172,308,246,320,342,95,45,165,248,236,222,334,290,253,471,395,365,400,442,383,334
2019/8/29,0,5,66,85,106,85,49,61,49,20,71,25,37,39,41,43,49,69,23,64,14,43,58,8,237,13,115,128,157,138,131,112,116,102,167,67,17,350,277,236,266,27,219,121,86,89,63,145,111,155,101,209,79,55,151,25,41,18,91,117,113,289,99,70,73,248,181,321,217,301,207,177,350,41,70,98,52,130,125,129,93,51,70,124,99,28,45,87,46,100,118,96,135,47,21,54,114,111,68,102,106,95,141,174,157,162,138,129,114
2019/8/29,1,0,0,0,0,0,0,0,0,0,0,0,0,0,0,0,0,0,0,0,1,3,7,0,8,0,3,9,10,5,8,0,0,0,0,0,0,0,5,8,13,0,0,0,0,0,0,0,0,0,0,0,0,2,3,0,2,0,2,7,15,43,7,2,5,15,4,7,3,0,0,0,0,0,0,0,0,0,0,2,1,4,6,0,0,0,0,0,0,0,0,8,10,2,0,0,0,0,0,0,0,0,0,0,0,0,0,10,10
2019/8/29,5,0,0,0,0,0,0,0,0,0,0,0,0,0,0,0,0,0,0,0,0,0,0,0,0,1,1,0,0,0,0,0,0,0,1,0,0,0,0,0,0,0,1,0,0,1,0,0,9,1,0,2,0,0,0,0,0,0,0,0,0,1,0,0,0,0,0,2,1,0,0,1,0,0,0,0,0,0,0,0,1,0,0,0,1,0,0,0,1,0,0,0,0,0,0,0,0,0,0,0,0,0,0,1,0,2,0,0,0
2019/8/29,6,274,149,596,448,304,133,98,34,33,165,10,44,32,123,166,190,340,37,66,44,54,44,74,355,7,159,120,129,323,178,80,303,183,357,346,135,211,129,219,108,637,2960,294,617,423,532,439,401,293,203,635,87,99,291,67,39,76,134,123,86,215,149,922,87,142,277,189,554,447,137,329,405,329,370,428,263,829,168,180,245,285,173,274,216,169,270,462,305,298,282,82,134,71,87,98,80,72,240,225,475,325,92,87,69,119,95,89,80
2019/8/29,7,496,885,3468,1631,1444,692,603,91,88,1194,49,185,140,638,593,1157,2173,227,289,90,319,239,422,1753,33,378,417,718,1351,793,320,1392,994,1711,1672,886,742,468,861,345,2941,8861,1256,1918,1748,1713,1266,1533,1378,869,2368,268,414,755,179,166,328,628,494,290,574,1197,1165,371,412,1129,562,1868,1227,659,938,1836,1555,1573,2009,1068,3663,684,679,1406,726,738,1418,1248,433,958,3319,1764,1722,1205,434,592,338,619,285,428,212,946,1032,2001,1487,277,401,194,240,226,320,277
2019/8/29,8,789,2979,12025,4093,4711,2063,1568,195,117,834,116,200,348,738,1439,6037,4964,342,388,127,647,294,2089,5201,102,380,661,1337,2699,1057,536,2960,1824,4304,4952,2005,1150,935,1344,681,5521,13446,4348,4105,4370,2963,2609,2165,2320,796,2857,342,1465,1039,309,315,826,1625,378,702,713,902,1256,367,581,1408,963,3492,1835,1468,1541,5937,4818,5098,5693,4050,11492,1996,1155,3031,1712,3051,6460,3947,1022,2115,13075,5675,5556,3471,491,390,466,1525,462,536,310,1463,2890,7402,3340,295,316,350,394,295,294,278
2019/8/29,9,400,1377,4879,3392,2534,1181,886,142,70,458,60,151,566,484,896,3539,2474,208,320,130,436,182,743,4313,132,383,342,794,1659,652,359,1814,1011,2701,2031,828,917,712,667,429,3196,7440,2847,2025,2056,1358,1581,1518,1058,598,2056,286,814,745,251,102,408,1085,355,417,903,269,783,227,438,1196,797,1726,1158,999,1246,3029,2298,2815,3099,2598,6357,1401,868,1157,1146,1773,4485,1956,587,904,4137,2812,2716,2107,441,229,222,390,260,255,301,693,1358,3137,1674,255,203,248,246,243,184,175
2019/8/29,10,308,564,2220,3222,1292,611,452,162,60,395,43,131,742,328,714,786,669,150,278,94,198,175,265,1719,107,428,312,506,757,552,271,1542,622,1476,1496,531,943,635,563,398,2188,6847,2602,1652,1106,1031,1098,1473,1034,551,1587,190,266,688,281,90,160,496,379,361,1095,159,553,205,409,765,870,1540,1111,656,1283,3168,1169,2008,1963,1588,3741,812,518,492,684,681,1716,856,391,767,2015,1148,1297,822,296,236,161,131,228,239,290,493,688,1475,1551,252,215,279,247,269,139,167
2019/8/29,11,272,533,2026,3383,1014,489,412,151,60,351,43,70,653,310,760,460,413,121,283,78,222,153,307,927,200,333,286,519,760,563,330,1458,667,1412,1375,424,1112,673,542,427,1508,7825,3117,1479,1051,944,883,1367,938,412,1279,195,252,690,297,84,97,341,295,361,1635,170,486,205,462,608,939,1713,1191,761,1365,4097,1159,1866,2295,1477,3622,770,493,412,784,413,1891,843,300,656,2042,937,1114,900,287,275,178,132,199,288,336,505,690,1351,1616,281,270,326,221,299,185,175
2019/8/29,12,371,573,2010,3638,1176,701,392,179,83,458,54,136,631,367,635,455,492,159,344,93,286,243,190,976,242,371,407,556,706,618,345,1784,902,1656,1444,410,1217,931,706,526,1396,8891,3028,1248,1141,1164,959,1410,966,471,1417,246,268,730,319,129,98,375,325,298,1776,191,585,237,510,681,1104,1753,1397,915,1402,4370,1147,1995,2324,1538,3585,815,613,462,998,443,1774,816,324,699,1936,1094,1050,1182,353,333,204,131,251,317,459,506,758,1268,1754,333,311,346,270,360,188,188
2019/8/29,13,339,627,2230,3263,1371,678,435,180,91,449,80,124,587,352,625,551,609,221,378,95,296,250,210,1377,184,411,370,644,835,624,354,1816,1017,1735,1739,536,1335,870,732,618,2024,8599,2955,1445,1273,1303,1157,1481,1010,636,1567,257,312,672,322,114,155,417,334,408,1618,224,739,253,561,828,1133,1881,1328,987,1456,4677,1343,2083,2426,1556,3567,744,750,622,919,420,2054,896,401,815,2047,1292,1143,1068,382,346,206,167,255,344,422,514,810,1303,1563,426,297,413,321,403,250,243
2019/8/29,14,304,651,1763,3045,1141,648,452,230,89,486,56,158,403,378,610,448,441,197,378,124,305,254,166,1127,216,394,440,616,831,685,426,1419,911,1408,1644,551,1380,968,764,620,1592,8057,2755,1479,949,1291,1091,1337,1012,553,1390,225,241,660,265,139,119,426,445,370,1836,203,890,240,605,809,1186,1812,1325,872,1630,4594,1155,2086,2267,1285,3328,900,685,482,844,463,1529,771,369,686,1662,1121,1043,908,305,356,250,163,219,336,469,460,692,1346,1293,335,318,397,360,389,225,226
2019/8/29,15,242,565,1488,2875,1034,594,440,233,105,525,67,163,287,354,482,328,385,212,466,151,345,292,152,953,276,482,442,701,813,693,424,1355,904,1473,1318,429,1470,1120,972,820,1202,8379,2466,1208,911,1319,1118,1246,963,534,1313,251,252,747,281,114,101,374,384,442,1782,274,829,249,795,869,1247,1987,1562,1079,1696,4328,827,1867,1922,1137,2865,926,719,468,937,402,1414,765,359,582,1417,869,969,993,319,420,202,144,270,355,440,493,672,1181,1314,500,439,511,384,440,270,314
2019/8/29,16,293,683,1734,2752,1111,662,565,243,129,690,85,194,248,419,562,364,474,266,580,178,504,350,151,1047,193,578,620,906,859,881,530,1436,1011,1701,1196,377,2183,1458,1263,1119,898,9666,2568,1041,1055,1446,1377,1428,1058,643,1429,370,355,989,336,185,94,477,564,453,2169,296,851,398,992,1030,1581,2447,2110,1454,1810,4688,829,1609,1996,1126,2934,1121,860,597,1270,574,1493,816,418,663,1545,897,1035,1109,405,530,234,130,328,438,533,535,757,1185,1508,754,570,593,590,612,396,390
2019/8/29,17,359,960,2565,3705,1503,983,848,337,277,1037,196,309,265,629,929,606,753,400,850,303,682,710,227,1688,328,849,1088,1503,1552,1363,939,2259,1502,2595,1611,494,3736,2629,2235,2099,1046,14979,3541,1460,1425,2302,2483,2029,1893,844,2156,567,546,1538,337,261,147,665,748,714,2543,503,1359,593,2070,1716,2734,3886,3790,2519,2607,6116,1341,2103,2775,1569,4183,1513,1278,855,2152,757,1938,1301,651,860,2046,1383,1610,2175,670,1037,377,210,602,886,901,812,1136,1621,2010,1304,1127,1091,1151,1138,880,703
2019/8/29,18,494,1729,4135,5677,2292,1584,1517,574,475,2313,343,570,465,1067,1500,887,1173,662,1471,492,1217,1331,452,2903,460,1348,1776,2267,2602,2226,1347,2760,2198,3811,2178,706,6329,4748,3989,3652,1080,17180,5138,2079,2017,3013,3740,2979,2815,1451,3134,887,813,2407,359,433,212,869,1188,1126,3805,905,1954,1069,3600,3386,4578,5976,6785,4426,3530,8048,1595,3246,4105,2564,5810,2336,2086,1401,2470,1003,2295,1909,771,1411,3215,2116,2193,3552,1243,1922,678,326,887,1602,1503,1240,1772,2197,2826,2284,2135,2313,1995,2070,1419,1510
2019/8/29,19,288,1092,2109,3366,1460,1076,1147,468,410,1615,310,390,333,645,901,640,811,506,1076,391,884,1007,240,2265,448,1202,1473,1656,1862,1650,1201,2068,1722,2541,1374,403,4838,3636,3213,2808,571,9697,3141,1505,1336,2164,3032,2340,2361,1193,2648,891,766,2041,313,412,222,795,1066,1326,3240,916,1732,911,3096,2824,3466,4447,4965,3313,2463,5766,849,2041,2530,1581,3558,1641,1606,1033,1590,603,1429,1409,493,801,1765,1123,1475,2315,1126,1482,482,262,684,1063,1142,915,1375,1490,1852,2013,1728,1628,1663,1474,1315,1147
2019/8/29,20,176,616,1130,1645,852,606,672,343,255,988,226,275,241,422,452,372,558,333,623,268,623,664,150,1653,213,872,1124,1249,1223,1334,863,1311,1096,1534,778,261,3214,2365,2316,2181,308,6758,1613,806,793,1455,2187,1362,1387,841,1648,623,510,1440,223,323,154,560,828,958,2338,591,1088,621,1862,1720,2100,2860,3194,2120,1872,3850,517,1017,1301,725,2047,1130,1064,753,1108,497,854,819,375,478,980,611,957,1522,661,916,297,171,389,757,752,572,909,816,1045,1185,1076,1186,1142,1049,830,871
2019/8/29,21,147,643,985,1210,832,594,599,331,288,958,210,331,279,486,356,377,507,368,627,318,574,655,107,1834,180,986,1090,1280,1246,1098,855,1019,994,1516,730,265,3079,2269,2161,2036,267,6219,1170,664,831,1472,1763,1188,1319,814,1586,561,511,1307,199,240,120,575,685,833,1953,675,899,505,1910,1738,2056,2814,3232,2108,1837,3808,471,927,898,628,1873,1216,1178,948,988,477,749,711,361,429,803,580,834,1306,571,759,248,130,370,693,691,602,968,888,916,1205,1030,1033,1013,1035,715,690
2019/8/29,22,98,550,791,793,612,450,570,308,262,715,181,246,240,385,316,338,467,301,538,205,516,546,99,1569,231,776,936,1086,1177,966,674,1011,705,1089,492,187,2668,2134,2113,1947,210,4183,758,557,623,1114,1363,1016,1109,626,1350,486,415,1129,183,281,142,550,615,815,1795,561,974,570,1895,1593,2021,2397,3010,1797,1482,2743,349,599,622,440,1367,972,1011,742,653,421,584,627,256,397,603,418,827,948,564,762,263,159,300,682,686,538,781,757,696,1097,1114,1043,981,990,767,870
2019/8/29,23,21,163,317,286,225,163,172,116,90,254,60,81,86,148,107,108,165,91,200,73,182,173,26,609,91,315,417,471,382,379,272,300,282,437,180,58,997,700,730,802,113,1297,317,211,227,299,407,343,395,201,501,181,179,407,107,84,54,215,265,388,925,307,412,191,806,538,679,725,960,665,534,1116,106,245,264,131,532,376,371,272,219,165,336,270,74,125,236,178,337,246,296,276,85,60,145,241,249,171,357,284,251,496,361,353,404,463,382,332
2019/8/30,0,9,97,134,195,138,97,100,50,40,146,38,53,40,64,65,87,110,87,131,39,78,97,15,381,16,165,211,244,233,213,172,205,131,265,75,41,496,447,390,429,40,370,199,116,134,212,216,176,242,140,321,100,91,235,29,60,36,112,145,178,555,175,123,128,385,288,420,410,602,343,296,539,71,106,168,88,186,205,193,136,111,118,190,163,53,56,103,91,173,158,162,218,75,31,75,157,178,84,178,138,142,214,248,245,254,210,171,200
2019/8/30,1,0,0,0,0,2,0,0,0,0,0,0,0,0,0,0,0,0,0,10,7,12,8,1,11,0,14,16,20,18,15,4,0,0,0,0,0,17,16,8,22,0,0,0,0,0,0,0,0,0,0,0,0,3,19,0,4,2,8,9,16,89,36,5,6,13,7,19,10,4,0,0,0,0,0,0,0,0,2,3,1,1,4,5,0,0,0,0,0,0,0,11,14,6,1,0,0,0,0,0,0,0,1,0,0,0,0,10,20
2019/8/30,5,0,0,0,0,0,0,0,0,0,0,0,0,0,0,0,0,0,0,0,0,4,0,0,0,0,2,0,0,0,0,0,0,0,0,0,0,0,0,0,1,0,1,0,0,0,0,0,3,1,0,2,0,0,0,0,0,0,0,0,1,0,0,0,0,0,1,0,1,1,0,0,0,1,1,0,0,0,0,0,0,1,0,0,0,0,0,0,0,0,0,0,0,0,0,0,0,0,0,0,1,0,0,0,0,1,0,0,0
2019/8/30,6,312,151,621,456,677,151,129,37,42,264,35,184,44,216,156,210,397,217,76,51,63,130,83,442,30,358,158,215,395,262,86,396,228,432,526,221,555,339,266,166,684,3186,334,632,687,747,607,948,306,310,853,86,88,613,83,44,81,193,151,78,459,134,336,109,277,355,253,772,552,198,519,544,611,392,382,290,1112,496,258,327,570,231,280,258,255,286,679,402,490,349,95,143,90,121,140,258,73,361,422,578,541,95,148,145,122,90,129,101
2019/8/30,7,516,911,3753,1738,5621,850,721,83,77,1299,48,943,220,1063,545,1074,2421,1229,308,84,311,1067,568,1767,210,662,441,939,1779,1074,305,1526,1356,1873,3269,1772,1283,769,858,371,3339,8330,1373,1889,2768,2742,1687,2340,1475,1993,2950,249,362,1819,241,177,300,747,497,261,771,1089,707,396,1335,1128,780,2094,1250,715,1430,1998,3176,1610,2022,1434,4792,2700,853,1738,1742,989,1363,1360,640,952,4382,2561,2563,1294,329,744,308,641,293,650,206,1467,1461,2702,2249,285,700,329,389,232,386,292
2019/8/30,8,838,2941,11904,4056,4561,1974,1471,180,109,1014,118,197,313,578,1437,5934,4858,319,385,148,560,307,2001,5138,105,381,583,1271,2680,1014,508,2732,1714,4070,4754,1948,1086,905,1261,569,5395,12238,4156,3913,4200,2820,2233,1980,2212,672,2671,336,1297,961,294,275,769,1637,409,631,647,885,931,347,566,1351,884,3385,1855,1463,1723,5824,4554,4939,5470,3866,10737,1886,1139,3022,1673,2829,6393,3917,959,2095,12706,5808,5386,3389,437,362,440,1523,434,492,320,1438,2809,7361,3140,287,260,302,354,294,220,279
2019/8/30,9,462,1371,4872,3166,2310,1136,846,174,65,453,49,109,386,379,875,3418,2379,215,311,104,407,143,671,3990,103,332,311,722,1560,643,323,1730,864,2570,1952,677,950,636,724,390,2922,7486,2630,2016,1931,1303,1292,1257,1017,533,1885,289,765,671,216,129,381,1067,312,320,710,213,473,198,424,1059,772,1638,1057,972,1452,2904,2178,2747,2889,2449,6091,1369,854,945,1083,1580,4866,1853,514,943,4151,2833,2575,2146,308,214,161,392,280,234,305,720,1322,3245,1530,270,194,266,260,223,170,153
2019/8/30,10,312,621,2296,3242,1237,665,423,159,33,355,34,109,511,333,629,800,613,137,288,59,217,172,237,1789,105,319,244,438,708,525,257,1218,658,1434,1295,436,893,577,527,385,2078,6717,2499,1607,1081,993,933,1353,987,443,1414,200,247,578,251,74,152,440,314,326,1015,189,310,162,361,673,799,1420,1023,674,1447,2857,1076,1749,2055,1532,3617,834,477,481,675,618,2335,881,347,711,1993,1246,1185,813,248,194,153,128,222,217,259,491,711,1614,1456,180,209,205,206,242,126,154
2019/8/30,11,311,503,1993,3218,1024,499,386,126,67,376,41,110,513,300,685,394,454,111,277,93,175,177,203,854,131,304,265,504,675,578,292,1403,701,1337,1401,453,1067,677,509,440,1394,7235,2912,1328,943,932,776,1351,930,371,1182,188,211,613,258,121,146,319,307,288,1264,181,285,199,434,524,983,1535,1114,702,1545,3655,1026,1682,2305,1411,3377,693,512,396,764,424,2200,875,402,645,1919,1131,1033,822,287,225,135,115,189,228,296,427,706,1587,1628,256,191,304,206,268,155,164
2019/8/30,12,363,511,1906,3583,1024,605,404,182,97,382,77,117,446,358,729,517,404,151,323,78,233,171,247,997,206,339,281,618,693,630,360,1547,790,1620,1532,415,1057,792,673,537,1329,9163,3208,1222,1011,1102,830,1547,926,462,1233,209,293,683,314,118,133,351,419,274,1495,171,383,225,453,598,990,1718,1325,842,1450,3861,1124,1920,2146,1403,3540,830,649,459,1064,443,2048,752,386,676,1827,1616,1075,926,288,286,144,134,258,302,365,453,732,1543,1742,314,262,407,244,333,176,146
2019/8/30,13,387,605,2035,3322,1220,691,439,182,92,481,71,125,356,330,789,542,485,165,329,80,283,226,205,1253,185,349,383,631,726,633,390,1538,807,1768,1443,573,1260,811,745,589,1836,9171,2924,1381,1062,1186,848,1497,954,550,1293,222,284,673,310,127,136,432,319,414,1436,198,426,213,493,762,984,1974,1234,829,1388,3822,1242,2196,2331,1317,3659,789,736,530,927,371,2316,788,390,781,1962,1335,1138,884,285,352,157,153,211,321,399,483,781,1496,1477,367,291,359,314,327,236,244
2019/8/30,14,333,568,1656,2911,1056,644,365,180,82,489,64,128,222,317,545,391,425,141,387,95,271,219,152,1075,181,386,367,595,649,599,362,1317,786,1536,1312,486,1345,934,755,653,1577,8720,2573,1396,885,1223,933,1206,986,517,1316,279,275,708,254,116,107,384,341,376,1444,186,499,278,542,833,1047,1757,1232,925,1599,3992,1005,1981,2113,1155,3175,773,659,455,887,393,1809,733,325,643,1682,925,1009,799,265,317,182,129,198,367,427,454,752,1410,1378,343,322,394,351,299,235,258
2019/8/30,15,297,569,1484,2716,1020,627,418,186,109,557,63,170,194,307,450,393,371,170,339,129,296,307,150,903,204,405,425,696,728,638,415,1345,840,1383,1268,393,1570,990,873,691,1104,8752,2479,1107,905,1146,1026,1277,890,539,1298,284,295,714,265,124,80,369,345,418,1369,260,550,256,695,844,1109,1998,1468,1049,1714,3952,791,1867,1893,1080,2873,827,793,518,1047,340,1497,778,362,568,1373,849,883,959,312,397,202,122,238,335,442,481,671,1264,1238,438,383,467,455,445,290,256
2019/8/30,16,411,892,1920,3034,1444,1000,675,307,215,824,125,271,192,534,676,495,557,372,814,232,648,613,190,1596,227,643,707,973,1159,904,618,1488,1145,2047,1509,429,2402,1719,1440,1201,978,12293,2753,1177,1120,1628,1523,1702,1347,611,1627,484,450,1361,388,233,131,643,739,563,2095,354,850,489,1215,1153,1736,2615,2373,1692,2027,4955,905,1986,2093,1258,3451,1309,1047,642,1742,480,1468,841,383,817,1716,969,1145,1314,451,688,321,186,455,586,693,720,857,1405,1557,925,638,760,859,932,494,565
2019/8/30,17,442,1122,2670,4197,2038,1566,982,405,280,1145,180,385,240,655,945,747,768,454,1022,302,867,807,251,1911,359,1012,1092,1646,1749,1478,1049,2476,1766,2783,1917,510,4254,2935,2541,2226,1184,19420,4039,1588,1602,2516,2879,2293,2190,884,2373,630,628,1799,347,298,153,813,822,767,2657,621,1308,662,2212,2026,3273,4626,4336,2756,2820,7223,1342,2415,2933,1795,4745,1642,1498,904,2404,792,2052,1462,655,1027,2327,1350,1733,2229,765,1713,503,239,688,1147,1181,943,1218,1828,2276,1946,1572,1383,1434,1490,1013,960
2019/8/30,18,490,1753,4254,6621,2603,2270,1480,557,463,1978,297,497,425,1100,1704,966,1243,627,1465,427,1258,1300,442,2882,415,1264,1703,2145,2531,2201,1286,3060,2316,3713,2494,674,5973,4491,3840,3373,1155,21741,6141,2229,2113,2970,3726,3044,2892,1374,3219,914,860,2256,351,431,231,895,1215,1110,3875,892,1778,1060,3649,3305,4814,6579,6655,4170,3562,9599,1896,3617,4952,2783,7327,2319,2189,1329,3165,1035,2699,2122,756,1451,3575,2077,2288,3621,1190,2246,730,326,910,1557,1545,1198,1869,2611,3027,2119,2067,2213,1892,2048,1398,1504
2019/8/30,19,315,1017,2397,4334,1578,1318,1101,414,342,1510,260,434,309,717,896,637,837,495,989,317,820,1015,309,2145,379,1131,1313,1608,1723,1662,1110,2338,1918,2397,1655,400,4410,3303,3168,2744,573,12786,4111,1648,1429,2109,3256,2359,2151,1031,2479,770,704,1999,352,397,222,747,1015,1160,3234,777,1649,820,2908,2613,3533,4843,4759,2953,2619,6787,1041,2264,3454,1904,5009,1649,1622,1013,2097,692,1640,1679,502,840,2058,1188,1486,2377,1038,1542,480,281,645,1086,1159,963,1488,1692,1943,1948,1602,1731,1594,1420,1256,1208
2019/8/30,20,187,629,1240,2020,854,682,648,262,267,897,188,291,229,448,424,363,525,297,601,239,565,629,154,1615,169,856,1010,1223,1196,1194,815,1374,1096,1557,818,236,3049,2310,2155,1923,318,8448,1956,908,891,1514,2270,1359,1343,746,1793,649,547,1389,254,296,157,589,763,968,2410,635,1071,590,1874,1649,2183,3019,3126,1973,1714,4586,516,1203,1561,846,2609,1104,1019,764,1220,434,981,955,357,543,964,594,893,1618,594,831,269,121,434,709,749,561,928,936,1110,1082,1056,1110,961,951,794,809
2019/8/30,21,159,573,1163,1419,825,593,730,343,281,885,184,309,285,479,420,379,536,365,698,276,641,659,119,1943,206,953,1056,1239,1320,1210,868,1239,1093,1619,829,290,3290,2320,2200,2056,287,7697,1390,745,902,1545,1807,1321,1365,798,1706,589,499,1395,224,284,134,619,835,923,1818,707,1083,570,1933,1770,2263,2805,3174,2058,1855,4051,505,1075,1231,756,2290,1162,1373,985,1178,482,823,816,371,490,1001,619,951,1480,662,782,267,180,437,688,695,591,985,957,1069,1278,1013,1019,1144,1128,790,758
2019/8/30,22,124,665,1038,1085,794,589,667,368,277,903,193,313,294,420,401,406,623,362,738,254,648,738,99,1994,266,913,1157,1195,1368,1097,843,1190,822,1400,680,185,3128,2564,2424,2249,263,5917,1111,748,809,1341,1643,1266,1417,789,1706,568,478,1363,236,337,157,624,723,994,2190,721,1185,696,2289,1853,2234,2935,3452,2347,1758,3580,455,823,1062,628,1874,1161,1237,936,830,532,675,777,318,392,839,493,936,1184,680,901,319,176,398,893,841,641,953,915,789,1352,1351,1358,1279,1090,852,934
2019/8/30,23,34,236,442,460,262,212,272,166,100,363,81,108,104,180,150,167,242,157,278,88,250,264,52,870,135,430,580,683,586,543,401,451,421,624,299,98,1393,1062,1092,1092,99,1866,436,268,327,480,601,503,594,297,666,279,231,549,147,134,85,337,356,535,1208,433,558,274,1080,852,977,1070,1400,918,668,1465,201,385,566,227,723,485,511,385,347,242,387,401,139,157,378,236,435,397,401,380,138,91,216,324,375,283,448,388,345,665,549,513,556,667,530,440
2019/8/31,0,7,105,160,186,150,89,114,45,42,108,30,46,48,68,63,70,99,84,139,30,87,83,11,401,23,154,192,239,219,221,212,209,141,226,106,24,549,416,393,413,32,419,237,139,143,202,191,166,289,138,320,100,86,219,35,66,21,128,160,177,493,177,134,120,433,290,451,404,463,332,257,571,57,100,204,83,204,197,183,128,98,121,217,183,64,67,147,111,162,174,147,228,109,38,77,208,161,126,196,148,149,242,252,233,266,218,213,200
2019/8/31,1,0,0,0,0,0,0,0,0,0,0,0,0,0,0,0,0,0,0,10,3,5,4,0,9,0,5,12,17,15,12,0,0,0,0,0,0,0,12,11,23,0,0,0,0,0,0,0,0,0,0,0,0,0,24,0,4,1,6,9,12,89,12,4,3,13,4,6,0,0,0,0,0,0,0,0,0,0,0,1,2,3,8,3,0,0,0,0,0,0,0,11,17,2,0,0,0,0,0,0,0,0,0,0,0,0,0,11,15
2019/8/31,5,0,0,0,0,0,0,0,0,0,0,0,0,0,0,0,0,0,0,0,0,2,0,0,1,0,0,0,0,1,0,0,0,0,0,0,0,0,0,2,0,0,1,0,0,0,1,0,1,0,0,0,0,0,0,0,0,0,0,0,1,1,1,0,0,0,0,1,0,1,0,1,2,0,0,0,0,2,0,0,0,0,0,0,0,0,0,0,0,0,0,0,0,0,0,0,0,0,0,0,0,0,0,0,0,0,0,1,0
2019/8/31,6,186,96,237,374,155,104,75,26,19,105,24,33,43,47,105,75,96,40,71,39,37,37,29,253,14,247,91,122,137,113,50,231,139,234,246,64,189,93,165,123,258,3590,222,377,348,383,464,263,204,98,434,57,109,288,63,29,54,116,90,57,235,79,281,92,111,199,123,544,353,171,310,340,312,247,187,186,521,99,145,113,258,118,149,111,121,192,209,223,180,215,74,71,37,43,101,117,62,185,161,283,148,82,69,73,97,61,49,61
2019/8/31,7,246,219,567,689,412,276,159,66,46,358,30,91,107,175,227,204,171,58,120,85,103,96,70,496,56,379,183,274,396,328,110,533,272,603,553,150,450,274,331,252,802,6219,459,747,525,746,877,710,392,295,910,124,399,413,174,77,107,316,251,191,422,178,374,133,249,509,323,1112,566,297,571,837,675,482,556,345,945,298,318,293,392,276,440,283,251,327,485,573,429,406,209,137,87,111,185,169,110,655,308,592,485,167,116,139,141,138,118,98
2019/8/31,8,283,475,1257,1250,984,585,270,95,55,569,30,144,378,368,358,339,345,132,300,232,170,163,111,701,128,417,313,365,636,534,228,1470,815,1845,1268,408,764,530,487,370,1111,9992,1143,1415,818,1134,1618,1271,738,448,1502,222,420,673,265,123,152,320,345,280,877,168,430,194,362,617,677,1512,813,541,937,2113,1267,1167,1074,618,1728,578,541,309,576,480,892,563,567,525,1142,930,776,532,261,224,140,188,222,261,249,484,559,1225,1383,242,188,216,172,202,182,136
2019/8/31,9,290,488,1561,2469,1292,759,380,220,83,408,40,150,997,403,588,330,435,111,331,159,190,201,145,968,104,516,341,480,680,655,296,1535,815,1933,1846,353,1029,785,517,418,1186,9377,2106,1692,1147,1610,1569,1706,1032,502,1488,226,266,726,266,179,89,413,377,460,1147,177,511,249,397,750,958,1703,1172,765,1248,2601,1235,1734,1816,1233,3002,723,544,386,703,452,2460,772,1039,751,1264,956,1057,676,275,335,149,122,344,250,346,578,622,1398,1571,290,262,268,205,242,237,174
2019/8/31,10,376,451,1511,3728,1110,543,399,223,97,388,46,150,1296,333,965,339,311,137,373,138,216,227,198,617,124,499,314,476,685,662,299,1525,791,1572,1641,253,1156,830,638,524,984,10025,2980,1801,1013,1661,1448,1845,1185,505,1373,242,212,776,458,120,98,462,481,540,1933,238,475,218,550,791,1132,2311,1220,841,1709,3753,1103,2524,2286,1631,4216,827,590,369,916,510,2918,767,1290,830,1379,910,1110,748,301,340,188,98,372,270,384,589,662,1424,1647,309,247,296,269,332,215,242
2019/8/31,11,418,616,2117,4405,1138,514,513,207,79,432,63,158,1218,348,1733,329,299,157,381,139,223,256,276,666,281,469,388,620,926,714,406,2114,870,1728,1708,246,1315,990,714,660,1007,11065,4362,1994,1066,1658,1409,1937,1276,440,1186,242,267,855,447,118,78,427,435,619,2511,242,652,225,530,699,1643,2642,1471,954,1850,5703,1473,2853,3257,1933,4863,952,673,337,1117,485,3212,928,1119,1036,1838,1178,1283,924,488,516,339,110,394,286,398,622,859,1859,2164,414,360,568,300,376,268,263
2019/8/31,12,393,646,2054,4498,1279,734,413,201,102,366,60,154,989,434,1159,427,356,166,451,149,284,272,252,743,218,549,389,735,852,746,446,2276,937,2138,1918,346,1530,1130,860,769,1000,12445,4478,1481,1295,1699,1480,2036,1258,468,1265,289,269,841,439,143,68,411,375,489,2612,219,523,269,757,747,1735,2612,1779,1135,1751,6388,1317,2993,2832,2085,4627,977,784,458,1113,530,3295,933,992,968,2027,1236,1224,969,400,576,291,147,343,358,475,681,912,1685,2159,440,431,615,396,460,279,322
2019/8/31,13,383,679,2278,4523,1398,727,539,222,123,451,81,168,915,502,959,402,437,241,452,143,366,295,219,838,230,566,499,751,817,868,518,2188,1189,2437,2516,395,1524,1305,975,842,1298,13193,4502,1347,1531,2139,1491,2049,1276,475,1211,352,360,766,452,155,62,477,453,642,2554,267,622,237,759,838,1717,2512,1703,1189,1957,6995,1158,3567,3130,2138,5100,876,883,553,1012,507,3211,969,1590,1055,1770,1378,1392,1063,426,667,247,166,360,339,511,730,935,1758,2206,572,486,573,479,534,404,324
2019/8/31,14,401,609,1761,4277,1151,688,484,301,127,430,96,170,870,409,1053,375,352,236,438,228,312,343,146,831,425,667,470,731,852,841,540,2219,1093,1872,2184,292,1739,1291,995,897,904,11994,3974,1272,1192,2247,1638,1813,1239,499,1271,302,314,816,540,168,89,534,413,722,2968,341,597,332,889,839,1631,2585,1744,1177,2171,6433,1048,3771,2897,1854,4938,1000,896,573,1048,568,3381,931,1795,1063,1551,1105,1104,981,366,712,258,166,390,481,593,606,807,1572,1900,478,509,575,442,457,384,342
2019/8/31,15,337,605,1504,4188,1195,668,506,299,176,506,93,180,571,430,918,370,456,228,453,203,330,326,197,993,361,690,567,862,867,822,526,2205,1266,1772,1597,314,1969,1321,1222,1007,805,12233,3904,1126,1119,2135,1622,1646,1198,533,1407,371,377,913,480,202,104,530,470,810,3364,318,835,348,926,975,1656,2924,2096,1351,2427,6208,820,3615,2719,1712,4638,1141,1003,590,1200,600,2854,859,1467,1090,1362,1021,1127,1223,411,925,289,155,422,461,571,759,766,1600,1660,615,608,628,543,566,473,361
2019/8/31,16,325,648,1674,4479,1124,691,583,344,305,610,111,202,392,438,1123,365,460,301,567,269,370,403,172,1098,358,770,624,938,949,1053,596,2264,1289,1795,1623,314,2341,1669,1394,1225,666,13194,4021,1276,1154,2143,1994,1899,1363,566,1454,419,440,956,401,196,111,678,576,689,3747,356,879,490,1284,1098,1959,3298,2473,1552,2364,6718,883,3128,2822,1672,4659,1265,967,641,1269,780,3013,1005,1104,1093,1408,1016,1181,1253,480,1296,327,162,435,459,653,690,833,1682,1662,731,690,727,649,659,542,490
2019/8/31,17,298,955,2438,4634,1446,843,818,364,262,713,133,259,325,614,1736,483,562,342,648,307,444,554,266,1437,528,960,848,1213,1460,1479,735,2744,1591,2316,1863,448,3159,2172,1718,1808,809,14967,4682,1556,1456,2211,3043,2255,1797,707,1925,524,439,1249,408,221,125,643,666,809,3778,540,1022,546,1677,1418,2643,4188,3319,2073,2900,7846,1462,2822,3517,2404,5499,1452,1221,794,1515,978,2738,1360,759,1015,1843,1433,1454,2006,627,1007,367,216,576,692,821,796,1095,1938,2093,1011,948,1023,768,1059,684,630
2019/8/31,18,249,844,2165,4129,1279,723,812,324,204,716,140,223,248,493,1598,531,547,319,665,188,512,578,340,1442,346,944,880,1192,1440,1576,776,2871,1777,2091,2012,391,3191,2289,1789,1734,639,12802,4316,1622,1408,1791,3845,2186,1870,722,1807,616,500,1316,312,267,142,626,767,721,3483,561,1059,550,1679,1442,2691,3825,3112,1952,2585,7097,1090,2475,3382,1982,4933,1356,1211,820,1451,825,2439,1538,561,835,1806,1291,1335,2345,716,891,451,205,535,670,1059,840,1095,1753,2056,1077,946,1169,941,1151,719,730
2019/8/31,19,137,585,1384,2784,766,563,510,245,171,671,123,222,153,420,668,389,414,326,587,204,384,505,156,1280,248,728,755,1037,1103,1146,655,1976,1309,1506,1330,236,2683,1892,1562,1536,423,9323,3011,1292,1055,1466,3629,1686,1387,579,1621,437,403,1124,294,211,123,574,595,721,2134,455,1007,404,1460,1196,2206,2836,2469,1664,2061,5816,535,1570,2319,1076,3108,929,1001,689,1086,590,1431,1251,366,612,1160,847,986,2010,534,705,320,166,429,588,902,628,885,1101,1389,1045,845,946,813,915,627,556
2019/8/31,20,141,513,1148,1789,695,484,527,246,167,609,145,188,153,363,421,278,432,320,601,186,469,524,126,1232,267,804,812,1055,1067,1075,682,1414,1138,1392,807,227,2481,1753,1597,1537,317,8231,1938,866,893,1394,2678,1470,1187,625,1409,501,416,1145,223,220,153,559,609,736,1740,523,907,442,1469,1163,1693,2502,2376,1441,1574,4606,418,1155,1577,759,2326,933,1053,711,920,489,1181,883,372,495,835,601,809,1597,549,698,260,111,365,563,813,511,882,762,1096,849,847,781,752,764,599,657
2019/8/31,21,167,663,1252,1439,841,561,626,305,216,770,140,199,185,456,359,312,496,354,678,216,544,556,114,1564,166,808,964,1157,1138,1146,830,1351,1094,1457,768,245,2885,2105,2086,1870,291,8353,1588,856,1007,1478,2233,1456,1192,726,1651,560,421,1224,249,267,141,637,651,831,1706,545,1104,596,1806,1438,2008,2784,2777,1888,1581,4276,463,1043,1211,710,2051,1069,1227,809,921,544,889,992,387,489,969,587,926,1354,666,766,337,193,359,636,724,610,972,1004,991,1072,940,923,1123,906,732,720
2019/8/31,22,109,690,1031,1126,708,541,611,312,199,677,164,249,194,399,320,359,544,268,627,201,516,609,88,1660,180,777,1010,1169,1206,1089,757,1168,798,1164,649,216,2905,2138,2104,1984,254,5911,1132,757,827,1380,1740,1143,1227,705,1455,558,473,1136,252,273,137,526,613,852,1606,731,1108,582,2022,1576,1933,2574,2801,2005,1667,3788,443,802,962,640,1737,1079,1189,838,831,505,772,876,313,472,795,529,962,1102,630,902,278,160,411,711,868,547,1063,882,780,1113,1157,1255,1100,1080,841,791
2019/8/31,23,29,247,505,478,236,153,209,147,118,356,79,97,105,168,152,134,204,122,290,95,232,252,33,863,112,443,618,727,558,551,327,447,409,625,260,94,1293,895,1075,1073,93,2029,514,289,357,476,671,523,537,290,683,230,237,602,132,144,86,323,376,469,1287,405,519,331,989,780,899,1051,1295,968,767,1624,192,375,543,274,680,437,514,437,344,264,393,372,135,187,361,256,487,353,436,366,139,93,245,437,362,308,474,362,338,654,639,541,498,579,499,490
